sequence_name	sequence	corr_nat_seq_name	corr_nat_seq	hmmer_seq_score	stat_energy_scores	min_natural_ham_dist_seed	max_natural_ham_dist_seed	min_natural_ham_dist_full	max_natural_ham_dist_full	max_self_ham_distance	plddt_scores	rmsd
seq50	MLIIDDHAIFRQLLCKTLQEAGY-GAYEAGSGEDGVQLAQSKAPDVIILDLMMPGMSGLEALENLRNNSVDVPIIVLSGQGSEKVKKQAEALGADEFVTKPAPLNQILEKIQ	NARP_ECOLI/9-121	VMIVDDHPLMRRGVRQLLEDPGSEVVAEAGDGASAIDLANRLDIDVILLDLNMKGMSGLDTLNALRRDGVTAQIIILTVSDASSDVFALIDAGADGYLLKDSDPEVLLEAIR	103.2	214.4132571043159	0.625	0.8660714285714286	0.5535714285714286	0.9017857142857143	0.8035714285714286	81.16617046818727	1.96
seq33	ILIADDHALVREGLHWVISASGFHDVLDAGSGEELWTLARANDLDLVLMDVNMPGMDGLQATEEILRQRIDVPIAILSAFPDKQTLDRALRIGAVGFITKSDPPQQLIATIE	SP0F_BACSU/6-116	ILIVDDQYGIRILLNEVFNKEGY-QTFQAANGLQALDIVTKERPDLVLLDMKIPGMDGIEILKRMKVIDENIRVIIMTAYGELDMIQESKELGALTHFAKPFDIDEIRDAVK	100.9	215.21291415419077	0.5535714285714286	0.8125	0.5357142857142857	0.9196428571428571	0.7946428571428571	77.33318975552969	1.7
seq15	ILIADDQALVRAGMRSVLQDPGVFQITEAGDSAQLTELVHDNQVDVVLLDIRMPGISGLNVLAQIKKKQPTAKVVIISSEEDQESEDQAIRLGAMGFVKKSSPAQEVRQALQ	KDPE_ECOLI/4-113	VLIVEDEQAIRRFLRTALEGDGM-RVFEAETLQRGLLEAATRKPDLIILDLGLPDGDGIEFIRDLRQWS-AVPVIVLSARSEESDKIAALDAGADDYLSKPFGIGELQARL-	100.0	211.636413034431	0.5982142857142857	0.8482142857142857	0.5625	0.9196428571428571	0.7857142857142857	75.92988207547171	1.98
seq41	MLIVDDHPLMILALKSTLERWGLLRVVEAGTGEEAHGSATQNDFDLILLDYFLPGMHGIEALQNLKASWPEIPVIILSQERNPTIVAQLLELGAEGFVEKPRDTERLKNTIT	EVGA_ECOLI/3-114	-IIIDDHPLAIAAIRNLLIKNDIEILAELTEGGSAVQRVETLKPDIVIIDVDIPGVNGIQVLETLRKRQYSGIIIIVSAKNDHFYGKHCADAGANGFVSKKEGMNNIIAAIE	98.4	197.86179410466926	0.6160714285714286	0.8303571428571429	0.5892857142857143	0.9017857142857143	0.8125	75.8382118451025	1.83
seq3	MSIADDHASVRAGIRSELENSSFYVVTETGSVEEARKIVEEQKPDVVITDLNMPGLDGVRFIARLKATTPDAKIVILSMDNDPLLMNKALTAGADGYLVKSAPMREMLKVIE	SLN1_YEAST/1090-1207	ILVVEDNHVNQEVIKRMLNLEGIENIELACDGQEAFDKVKELTYNMIFMDVQMPKVDGLLSTKMIRRDLYTSPIVALTAFADDSNIKECLESGMNGFLSKPIKRPKLKTIL-	98.3	205.9201005608435	0.625	0.8839285714285714	0.5714285714285714	0.9196428571428571	0.8035714285714286	74.20166666666667	1.87
seq42	MLIVEDQALFRQAIHSVMDDPSWQEIEVAADGDSALGSAQASDPDLILLDNNLPGMNGIEALKNLRAYGVTCPVLMLTGERDPTVVRRALEVGAKGYCIKGKTAEELKEAVE	TRPO_PSEAE/4-115	VLIVDDHPAIRLAVRLLFERDGFTIVGEADNGAEALQVARKKSPDLAILDIGIPKIDGLEVIARLKSLKLDTKVLVLTRQNPAQFAPRCLQAGAMGFVSKRENLSELLLA--	95.0	202.36561849311164	0.5446428571428571	0.8303571428571429	0.5446428571428571	0.9285714285714286	0.8125	76.46267220902612	1.92
seq13	MLIVDDHPIFRDFMVSELRAPGIDAVYEAENFDKCWRLLDHNQIDIILMDLDMPIGDGINFVIELKQRYKTLPVLIISATANKESIMQAIQVGVSGFITKSEPIELLRDAIE	BASR_SALTY/3-113	ILIVEDDTLLLQGLILAAQTEGY-ACDGVSTARAAEHSLESGHYSLMVLDLGLPDEDGLHFLTRIRQKKYTLPVLILTAHDTLNDRITGLDVGADDYLVKPFALEELHARIR	94.5	191.44976044836994	0.5982142857142857	0.8303571428571429	0.5892857142857143	0.9285714285714286	0.7946428571428571	82.0414333706607	1.91
seq14	ILIAEDEDFTRMGLRNVLALPNLEIVGVAQDGKKIWDFLHKNVIDIILMDIKMPVMDGIDATIQIRSQYPDLVIIIISAYYDNYHISNAIKSGANGYILKEQPAELVREKIE	A0A0K2B0E1_STRA7/3-113	VLVVEDEQLLADAVATGLRREAM-AVDVVYDGAAALERIGVNDYDVVVLDRDLPLVHGDDVCRKIVELGMPTRVLMLTASGDVSDRVEGLEIGADDYLPKPFAFSELIARVR	94.0	208.13060303149842	0.6607142857142857	0.875	0.5535714285714286	0.9553571428571429	0.8482142857142857	78.06469204927213	1.93
seq32	MLIADDYPVVRKALHNVLESPGI-EVHETADGDSLLLNAGRSKINLIILDLKIPGKDGLDALRELNREAPRMPVIVLSGMQDEDLIQEALTLGAVHFVRKTQPRYDLLSAIT	A0A0B6AGF7_BACMB/8-120	VLLIEDDPMVQEVNRQFIEVEGFTVIAAASNGLEGVQLIKQHQPDLTIIDMYMPSQDGLTTLQQIRANGYKTDVIAVTAASDIETVRKVLQYGAVDYIMKPFKFERMKQAL-	93.5	197.10681912282757	0.5267857142857143	0.8214285714285714	0.5178571428571429	0.9017857142857143	0.7589285714285714	78.20269230769229	2.11
seq8	ILIVDDHPAFVKAFRTTIADSNVKETTEATKFDKAMTRLQQEGADLIVLDLMMPRRDGIESCISLKERQIACPVLIISGASDQSVIDSAFAAGADGFVSKVSVRKDIIQAIR	PDE2_DICDI/162-277	ILVADDDDVQRKILNNLLKKFHY-NVTLVPNGEIAWEYINKGQYDLVLTDVMMPHITGFDLLQRINDHPRHIPVILMSTAVDYKYANDTIKIGGQDFLTKPIAKELLKKKI-	91.9	182.4167367015825	0.625	0.8571428571428571	0.6160714285714286	0.9196428571428571	0.8214285714285714	75.10409624413145	1.81
seq19	ILIIDDHPIVLEALHAIIRGAGSVPVGSTADARKAVGILAARDPDLILLDLDLPGMHGVEFLGETRKHLNSRRVVIMSGSDDKEMIAAAIAMGAAGYVPKGSPRDELTAAIN	ZRAR_SALTY/8-118	ILVVDDDVSHCTILQALLRGWGY-NVALAYSGHDALAQVREKVFDLVLCDVRMAEMDGIATLKEIKALNPAIPILIMTAFSSVETAVEALKAGALDYLIKPLDFDRLQETL-	91.0	202.8733591771213	0.5357142857142857	0.8214285714285714	0.5267857142857143	0.9196428571428571	0.7946428571428571	75.30839024390245	1.87
seq9	MLIIDDHPLVQKGFHKVIADEALEEVAFTTNFLEASELFATQQIDIVILDLNLPEYNGIDALKLIGQKNPNTKIIVTSRDTIDEYSDKVVATGAVGFITKDAPKKEVIQKIE	RSSB_ECOLI/10-121	ILIVEDEQVFRSLLDSWFSSLGA-TTVLAADGVDALELLGGFTPDLMICDIAMPRMNGLKLLEHIRNRGDQTPVLVISATENMADIAKALRLGVEDVLLKPVDLNRLREMV-	90.7	187.80551512031406	0.6696428571428571	0.875	0.6339285714285714	0.9375	0.7946428571428571	68.82908675799086	1.77
seq23	ILIADDHPLVLEGLHNILAFTTVPEITYAHDCEKVLEVLSVEDIDLLFLDISFSGTDGLSLVSELKKKYPNLPVVIYSALTDTFNVEKCVTAGAAGFLLKTSSPAELAEAII	NTRC_RHOCB/5-115	VLVADDDRTIRTVLTQALTRAGC-KVHATASLMTLMRWVEEGKGDLVISDVVMPDGNGLEALPRIARERPGLPVIVISAQNTIMTAIQAAEADAYDYLPKPFDLPDLMKRA-	89.6	195.51407815896366	0.5892857142857143	0.8482142857142857	0.5714285714285714	0.9107142857142857	0.7857142857142857	73.62081081081081	1.82
seq16	MLIADDHQFVRLGLSQLIDLSNDLEVAQTSNARAVLELTQTHDLNLILSDLRMPEMDGFQLIPAIKKLRHDIPIIVVTLKECKDTVDKIVQHGIGGLVLKQESGEKLLEAIN	PATA_NOSS1/263-375	IFCIDENPIVLNNIKNFLDDQIFAVIGVTDSLKALMEILCTK-PDIILINVDMPDLDGYELCSLLRKHSKNTPVIMVTEKAGLVDRARAKIVRASGHLTKPFNQGDLLKVI-	88.9	182.77374143075872	0.6607142857142857	0.8482142857142857	0.6160714285714286	0.9375	0.8214285714285714	79.82037800687286	1.8
seq46	MLIVDDNAVVRDAMHNFIAMPGV-LVGSAASITTGIKMLQDSRPMLMFLDINLPDGSGLDMVTEVRNKEVTLSVIIVSMETDPTVIVKAIKAGALDYVTKDALPDELLERIE	DEGU_BACSU/6-118	IVIIDDHQLFREGVKRILDEPTFEVVAEGDDGDEAARIVEHYHPDVVIMDINMPNVNGVEATKQLVELYPESKVIILSIHDDENYVTHALKTGARGYLLKEMDADTLIEAVK	88.1	188.0057397288242	0.625	0.8571428571428571	0.6071428571428571	0.9196428571428571	0.8392857142857143	78.22477272727272	2.16
seq17	MLIADDHPIFRAGLKSIVQENCDMRIISTADSDELWRQIENLRPDVILLDYHLPKISSFDILSKIMKRCPGIPIVIVTAEQDSVNITQATGNGAVGFITKDNDQASLVQAIQ	CHEV_BACSU/177-298	-IIVEDSPLLMRLLQDELKEAGYNNIASFENGKEAYEYIE--NIDMIITDIEMPKMDGHRLTKLLKENPSDVPVMIFSSLITDDLRHRGEVVGADEQISKP-EISDLIKKV-	87.6	181.99411331385346	0.6160714285714286	0.8571428571428571	0.5982142857142857	0.9285714285714286	0.7946428571428571	72.0780667433832	1.71
seq27	MLLVDDHPMILEGMRQILMNEEFTEISAATDFESLLEKIQALSLDLILLDVHMPGKTGPQGLVDLVKEKNGTRIIMFSTVQDKFNIEYAIKYGVNGFLTKNDTLETVRKQIE	DCTD_RHILE/7-117	VALIDDDKDLRRATAQTLELAGF-SVSAYDGAKAALADLPADFAGPVVTDIRMPEIDGLQLFATLQGMDVDLPVILMTGHGDIPMAVQAIQDGAYDFIAKPFAADRLVQSV-	87.0	180.51134066583566	0.6428571428571429	0.875	0.625	0.9375	0.7946428571428571	71.28079865016872	1.98
seq31	MLIAEDHPMVREATVNILNRGAY-SITEAADLASAQTMLAQEGPNVLLLDLMMPGGNGLECLMWLKSSELTIPVIVYSMSDERLHVKRAVMAQANGFLTKNDESEDLINAIF	Y2151_LEPIN/14-126	VLIAENSRFQAKQLAQILESEGYQVIGFAENGKELVKLYDEHRVDLITLDLNLPVMDGYATFFEIKGKGVLPRIVIVSEENTPAVLKNLIDEGAMDYIPKPIKREKILEKVN	86.0	194.23164628287003	0.6160714285714286	0.8482142857142857	0.5892857142857143	0.9285714285714286	0.8125	71.62064935064936	1.86
seq39	MLVADDHPTIRGGIVSLIASPYYLPVAETADCDSALGMAREHDCQLILLDMNVAGGSGIPLLRNLKNSYTAVPVVIVTGHDDKPVISQCMTEGAMGFLTKSSIPDKMLQTVE	ALGR_PSEAE/3-114	VLIVDDEPLARERLARLVGLDGYRVLESASNGEEALTLIDSLKPDIVLLDIRMPGLDGLQVAARLCEREAPPAVIFCTAHDE--FALEAFQVSAVGYLVKPVRSEDLAEAL-	85.1	178.22441974820427	0.5	0.8482142857142857	0.5089285714285714	0.9375	0.8214285714285714	70.3963888888889	1.93
seq2	MVIADDHLVIRKGIGSVINNAGVTSITEISNGDLLEKIFERQKADLLITDLMMGVTHGVTLIQRARQLKPDMHIIILTSAQDDNLIRQSINAGADGYILKSNSVEEIIGVLE	LUXQ_VIBVY/736-847	VLLVEDNHTNAFILKAFCQKYQM-SVEWVQDGTQALEKLKEHAFDLILMDNQLPKMGGIEATREIRETLLGTPIYACTADAQESTKQEFLSAGANRVIVKPIKEQELHDE--	83.3	188.03776947714263	0.7053571428571429	0.8839285714285714	0.6160714285714286	0.9464285714285714	0.8482142857142857	72.42900468384076	2.1
seq18	MLIVDDHPIFLEGIHALIRCTAVHELGTAQNSEKVIDLAVSFDPDLILLDFTMPYGGGLQILQKLREERGDTPVIILSNEQDLYSIKQFIDLGVKGIIDKTSPRNDIIAALL	H5SXK0_LACLL/5-114	ILIVDDDQEILKLMKTALEMRNY-EVATHQNISLPLDITDFQGFDLILLDIMMSNIEGTEICKRIRREI-STPIIFVSAKDTEEDIINGLGIGGDDYITKPFSLKQLVAKV-	83.3	184.5298644816837	0.5982142857142857	0.8839285714285714	0.5803571428571429	0.9285714285714286	0.7946428571428571	66.86168577981651	2.08
seq51	MIVVDDHAVFLQALRCRIDEVCTIEVTGTSDAVGAIGLLQERDYDIIILDYAIPNVHGLAFLRALKNEGWEVPVIILSAVNDDEIVDQATELGAAGFITKDEPLSQMIASIE	AGMR_PSEAE/4-117	ILIADDHPLFREAIHNVIAFPGS-EVMETADLDSALGLTQEHDLDLILLDLNMPGMHGLNGLMNLRNEAPTIPVVIVSAEQDKQVVLQAITYGAVGFITKSSPRAQMTEAIE	83.1	171.33665443562032	0.5625	0.8660714285714286	0.5625	0.9196428571428571	0.8035714285714286	78.45543859649123	1.79
seq43	MLVIDDHAMVREGLQKMLADEPYIRIDVASSLNEGVELALKSKRDVILMDIHLEEGNGFHSLDKIRASSPDSKVIIFSMMDSERVIKSALNNGATGYVAKSESKDGIIQAIQ	A0A0E0VRW5_STAA5/3-121	IFICEDDPKQRENMVTIIKEEKPMEIAATDNPYEVLEQAKNMNIGCYFLDIQLSTINGIKLGSEIRKHDPVGNIIFVTSHSELTYLTFVYKVAAMDFIFKD-DPAELRTRI-	82.3	194.49836326121968	0.6785714285714286	0.8660714285714286	0.5982142857142857	0.9285714285714286	0.7946428571428571	80.43627906976744	2.03
seq22	MLIADDHPIFIIGLKNMLRFQGMKDIRGCATLKTAVAMAQELAFDLLLLDLNMPDGDGLNGLIALQKEYPNIHLVVLSEYQDKNLIPTCIGQGAKGFIMKSSGQDAMTNLIN	GLRR_ECOLI/8-118	-LLVDDDPGLLKLLGLRLTSEGY-SVVTAESGAEGLRVLNREKVDLVISDLRMDEMDGMQLFAEIQKVQPGMPVIILTAHGSIPDAVAATQQGVFSFLTKPVDKDALYQAI-	82.3	182.82570060570092	0.5446428571428571	0.8660714285714286	0.5267857142857143	0.9285714285714286	0.8035714285714286	78.02104215456674	1.72
seq45	MLIIDDSRMIRNGLRQYLDANGYCTVGEAGNLNDGVQIACSSSVDLVLADLYIGEMDGLQGIEEIRKISHSSKFIVFSMMGNPDQVNDAKHAGAEAFVEKKKNVAQLLEAID	A1B6C9_PARDP/17-130	ILIVDDHPVVAEGWGRIIRKTAC-EIASAPSASEGWRAWRQARPDLMVVDLSIGRIAGIRLIERLRRVDPDLPILVFTMHRSPVLARRALMFGANGIINKDSPPAEICAA--	81.3	187.42830602575836	0.6785714285714286	0.875	0.6071428571428571	0.9285714285714286	0.8392857142857143	74.6588249118684	2.14
seq40	MLIVDDNPFFRQVIKGNTHRPDLVRMTEAASGEAALGSAIDLCPDIIFLDLNMPQMHGLDLLIEIKTACPEIPVVIVSGEGGKTVLDQVSKIGAVGIVNKNNDLEEIIQEIS	FIMZ_ECOLI/6-118	VIIMDTHPIIRMSIEVLLQNSELQIVLKTDDYRITIDYLRTRPVDLIIMDIDLPGTDGFTFLKRIKQIQSTVKVLFLSSKSECFYAGRAIQAGANGFVSKCNDQNDIFHAV-	80.9	177.71965258909188	0.5982142857142857	0.8392857142857143	0.5982142857142857	0.9285714285714286	0.8125	75.94633886255923	1.92
seq5	MIVADDHKLFRLGIKNVLASLPAFAISIAADGEKLWYKTKKLNADVIVTDLNMPGLHGLDFLSKVKSLRPHLAKLILSAASDPQNVNGALTAGAVAFILKSSPLEEVKQAIE	EVGS_ECOLI/961-1071	ILIADDHPTNRLLLKRQLNLLGY-DVDEATDGVQALHKVSMQHYDLLITDVNMPNMDGFELTRKLREQNSSLPIWGLTANAQANEREKGLSCGMNLCLFKPLTLDVLKTHL-	80.7	187.1284626641223	0.5803571428571429	0.875	0.5803571428571429	0.9464285714285714	0.7946428571428571	81.10134751773049	1.9
seq0	IIVVDDHPLILMAIGDVLAHHPDIETHHAENTEQLHQILDTGKADVALVDLSMPGGGGIEGIQDLKKLAPDTKIIILAAAQDSSLIKGALDAGADGYILKVDDINEVISVME	A0A077ZF75_TRITR/528-640	VLLVEDIELNVIVARSVLEKLGN-SVDVAMTGKAALEMFKPGEYDLVLLDIQLPDMTGLDISRELTKRYDLPPLVALTANV-LKDKQEYLNAGMDDVLSKPLSVPALTAMIK	80.5	183.64038125607212	0.6785714285714286	0.8571428571428571	0.6339285714285714	0.9375	0.8571428571428571	75.6605193236715	2.47
seq35	MVIADDHLVILKGVKDFLAKAGYPEVWVAENGEELLGKVREQKPDVVLLDLGFLNQTGTDLLENILNAASDAKIIVLSMHDDRMQVESAVNKGAKLFATKSLPLEELIQAVD	GLNL_BACSU/3-115	-FIADDDRAVRSILRQIIEDEDLGEAAEADDGSQVEGHMQFKQIDILLIDLLMPGRDGIETIRQIQNTY-SGKIVMISQVEAKEMVGEAYSLGIEYFIHKPINRIEIVTVL-	80.0	184.69396720806287	0.6785714285714286	0.8392857142857143	0.625	0.9196428571428571	0.8214285714285714	73.85837209302325	2.2
seq30	MLIADDHWLFLEGLAEIILKPESLEIQTAESFEKLQGVVREQQLDLVFLDLEMSKDTGLQALIELKRSEYLSPIIIFSTVNEFDNISQAIKYGAQQYITKSSNVAEITSTIK	NTRX_AZOC5/5-117	ILIVDDEPDISGLVAGILEDEGY-SARTARDADGALAEIAARRPNLIFLDIWLQGLDGLELLDIIKREHPEVPVVMISGHGNIETAVAAIKRGAYDFIEKPFNADRLVV---	79.4	181.95832395139166	0.6160714285714286	0.875	0.6071428571428571	0.9375	0.8035714285714286	73.05089485458613	1.77
seq11	ILIADDHRLVIRGLHGFLSCTGVHTIHSAERADDIRTLTHQHPFDLIILDLHMPGPHGINTLPKYRQICPTAKILIVSSEQDPIYADQARQTGADGFIGKSLPLAAFRAMIR	TORR_ECOLI/5-114	IVIVEDEPVTQARLQSYFTQEGY-TVSVTASGAGLREIMQNQSVDLILLDINLPDENGLMLTRALRERS-TVGIILVTGRSDRIDRIVGLEMGADDYVTKPLELRELVVRV-	78.7	175.93936565575683	0.5714285714285714	0.8482142857142857	0.5714285714285714	0.9285714285714286	0.7946428571428571	74.56720504009164	1.96
seq28	MLIADDHKMIASGLAEIIDNVSSVEVGIAANADNLLGVSRNLSPDLILLDLNFSGRDGVEFFRALDEIKYNGKIVILSAENDEETLDMIKSYGAKGFVSKSQTAKEIIKAVK	PGTA_SALTY/8-118	ILLIDDDVDVLDAYTQMLEQAGY-RVRGFTHPFEAKEWVKADWEGIVLSDVCMPGCSGIDLMTLFHQDDDQLPILLITGHGDVPMAVDAVKKGAWDFLQKPVDPGKLLIL--	78.0	176.74754587184884	0.6517857142857143	0.8839285714285714	0.6428571428571429	0.9196428571428571	0.8035714285714286	74.88564193168433	1.93
seq24	MLIADDHPLISEVIAKAIQNPGISQVWNVADFDKLIELTQQLALDLVLLDLYLTNRSGLETLIALKTQFPTSKVIVCSSKQFKLDLDQAITAGADQFILKSSPMELMVNAIQ	PILR_PSEAE/6-116	-LIVDDEPDIRELLEITLGRMKL-DTRSARNVKEARELLAREPFDLCLTDMRLPDGSGLDLVQYIQQRHPQTPVAMITAYGSLDTAIQALKAGAFDFLTKPVDLGRLRELV-	77.1	176.12812564787262	0.5357142857142857	0.8571428571428571	0.5267857142857143	0.9285714285714286	0.8035714285714286	71.1297806004619	2.16
seq37	MICAEDHAMIRTGIGHVLRAEELTEIHQAATIEELEALLRRQPADLLVLDIDLPGTGGIEWLERVRQCSTITPVLILSALSNSNYFKKAMQARADGYCTKQEPFETFLKAIR	MRKE_KLEPN/60-170	VIIVEDEFLAQQELSWLINHSQMEIVGSFDDGLDVLKFLQHNKVDAIFLDINIPSLDGVLLAQNISQFAHKPFIVFITAWKE--HAVEAFELEAFDYILKPYQESRIINML-	76.6	184.9138924221642	0.6696428571428571	0.8660714285714286	0.625	0.9553571428571429	0.8214285714285714	78.129590443686	1.87
seq47	MLIVEDEHTWRSMFSHALETLRYQLVGEASDVGRAKALLATKSPDVVLFDLVLGGSAGLELLRELRSKRVSPPMIILSGVNSPALAQQARRHGAEGFLTKDDPAESLLAALS	A8ADZ6_CITK8/6-121	VIIADDHPIVLFGIRKSLEIEWVNVVGEFEDSTALINNLPKLDAHVLITDLSMPGGDGITLIKYIKRHFPSLSIIVLTMNNNPAILSAVLDLDIEGIVLKQGAPTDLPKAL-	76.1	185.66707604791836	0.6607142857142857	0.8571428571428571	0.6071428571428571	0.9107142857142857	0.8214285714285714	77.74697647058822	2.11
seq7	MIIFDDDPPSRHILHSFIVEHKFSEVTLVTTFKKAVWAFKKHNAQIMTLDLNLTGEHGVDVLRDLKKEFPKLRVLIVSTAQNDQNRDKALQLGAFAYCTKGSSKQEILQAID	CHEY_SALTY/8-121	-LVVDDFSTMRRIVRNLLKELGFNNVEEAEDGVDALNKLQAGGFGFIISDWNMPNMDGLELLKTIRADSSALPVLMVTAEAKKENIIAAAQAGASGYVVKPFTAATLEEKL-	76.0	159.65864973479242	0.6785714285714286	0.9017857142857143	0.6696428571428571	0.9464285714285714	0.8303571428571429	80.8560956618465	2.01
seq49	MMLVEDNQIFRKAMRARLGSVGLEGIIEAPDVDAGVQLINELKPDAIILDLILPEGSGPDILANFRNEGYDAPIIVLSSEDSPYVVADCLNAGAAGFVLKSDPMDEMEEALR	UVRY_ECOLI/4-116	VLLVDDHELVRAGIRRILEIKGIKVVGEASCGEDAVKWCRTNAVDVVLMDMSMPGIGGLEATRKIARSTADVKIIMLTVHTENPLPAKVMQAGAAGYLSKGAAPQEVVSAIR	75.7	187.62872526062316	0.6428571428571429	0.8482142857142857	0.625	0.9375	0.8303571428571429	75.616864608076	1.83
seq48	MMLIDDYPLVREALKKLISGAQMHLIGEAEDLKTFGQLAVAHAPGAILMDLYLPQPSGLEVLAELKFQGITTPVVVVTGCRDESLINQALSVGASGIVFKDRDISQILRALT	UHPA_SALTY/4-113	VALIDDHLIVRSGFAQLLGEPDLQVVAEFGSGREALAGLPGRGVQVCICDISMPDISGLELLSQLPK---GMATIVLSVHDSPALVEQALNAGARGFLSKRCSPDELIAAV-	75.7	182.897002062566	0.6785714285714286	0.8571428571428571	0.625	0.9464285714285714	0.8392857142857143	75.68550947867298	1.9
seq4	MIITEDHLLFRKGISELIANEPETEIISAEDTASLWDIITRQDASLLLTDLYMPHGHGLDLLQRVKGEYPALKVVVFSALEDDDVINQSKSAGADAYITKSDGIDEITKAIT	A0A077ZIK0_TRITR/670-782	VMAVDDNPANLKLIGALLEDMVQ-HVELCDSGHQAVERAKQMPFDLILMDIQMPDMDGIRACELIHQLPQQTPVIAVTAHAMAGQKEKLLGAGMSDYLAKPIEEERLHNL--	75.2	185.57234417394912	0.6339285714285714	0.9107142857142857	0.5714285714285714	0.9553571428571429	0.8035714285714286	69.3694925028835	2.03
seq20	MLIADDHPIVIDGYGHVIREIEFRDVVITADFQKLIGYVRNLNVDLLLLDIDFNGASGMEGLISLRRLQNPLPIIVLSSVQDKNFIAKAKSLGVKGFISKQSPTEQMTQTIE	ALGB_PSEAE/11-121	ILLVDDESAILRTFRYCLEDEGY-SVATASSAPQAEALLQRQVFDLCFLDLRLGEDNGLDVLAQMRVQAPWMRVVIVTAHSAVDTAVDAMQAGAVDYLVKPCSPDQLRLA--	74.2	176.06881274217275	0.6160714285714286	0.9017857142857143	0.6071428571428571	0.9285714285714286	0.7946428571428571	68.86827822120867	1.89
seq38	MLIVDDHAIILTAIKSVLNSHSVFVAAEAKDISELIGLYTEHAYQLILLDLILEGGHDYPALERMRNAGTASPIIVVSTRADRDGFEQAMHLGASGFLLKKEQVTRMLEAIE	BTSR_ECOLI/4-113	VLIVDDEPLARENLRVFLQQSDIEIVGECSNAVEGIGAVHKLRPDVLFLDIQMPRISGLEMVGMLDPEH-RPYIVFLTAFDE--YAIKAFEEHAFDYLLKPIDEARLEKTL-	73.3	168.93440733391807	0.6339285714285714	0.875	0.6428571428571429	0.9464285714285714	0.7946428571428571	64.71529548088066	2.25
seq21	MLIAEDNELDRYGMETLYKEPGILDINVCTDFDETLQLLNEHPYQLIITDINLEGKPSGVSLCENIREANTIPIIVLSGYGMKENAEKGIKQGIAAYISKASTKPQMIELLE	D5APH1_RHOCB/8-118	ILLVDDEPHSLAAMKLALE-DDF-DVLTAQGAEAAIAILEEEWVQVIICDQRMPGRTGVDFLTEVRERWPETVRIIITGYTDSASMMAAIDAGIHQFLTKPWHPEQLLSS--	71.9	150.23790884202685	0.6785714285714286	0.9285714285714286	0.6785714285714286	0.9375	0.875	63.855612829324166	1.9
seq10	IVVVDDHPFILQGIHADLARNDVAPIGDAGTIAEAVEILASIDADIILLDLSMPGVDGEKFLEAARQICPNAEVVIVSMHQVPQSIDAAVAIGVAGFIPKSRPSDDLQRAIS	VIRG_AGRFC/16-126	VLVIDDDVAMRHLIVEYLTIHAF-KVTAVADSKQFNRVLCSETVDVVVVDLNLGREDGLEIVRSLATKS-DVPIIIISARLEEADKVIALELGATDFIAKPFGTREFLARI-	71.9	196.30303166489225	0.6428571428571429	0.8482142857142857	0.5803571428571429	0.9375	0.875	70.48665856622115	1.98
seq36	MLVADDHAGFRYGIAWYIEHPRRPNIITAADLDELIAQTHRHPIDLVVLDIDILRMHGLAILAQLKQLQPTLRVQIMSQEASTGTIREVLRIGAGAFLTKGTSLQGLIDAME	SP0A_BACSU/6-120	VCVADDNRELVSLLSEYIEQEDMEVIGVAYNGQECLSLFKEKDPDVLVLDIIMPHLDGLAVLERLRESDKQPNVIMLTAFGQEDVTKKAVDLGASYFILKPFDMENLVGHI-	70.4	169.9839615659277	0.6517857142857143	0.875	0.6339285714285714	0.9553571428571429	0.8035714285714286	74.46898169336386	2.31
seq44	MLVAEDHPAVLQGIKTAIAPHCFCSMETCETPVGAFERISALRPDILLLDMHIPELSGLDLIQTVLLLRGGMEIVILTTDARTDVRTRALELGAAGFIEKTRPWVDIANVIE	CMPA_BACSU/4-118	ILVIDDHPAVMEGTKTILEDSNL-SVDSPEPSEQFIKQHDFSSYDLILMDLNLGGVNGMELSKQILQENPHCKIIVYTGYEVEDYFEEAIRAGLHGAISKTESKEKITQYI-	67.3	164.8383614300951	0.7232142857142857	0.8482142857142857	0.6517857142857143	0.9375	0.8571428571428571	67.67198830409357	1.83
seq34	LLVADDHPLVLEGLGKVMQDSGLLEIITASDQDDLMKLTQDYHFDLVVLDLNFGGQHSFNALENMLAYGINSNIQVYSAEQNQDNISQLKEIGAQGYILKTSPRQQILEAIQ	CHEB_ECOLI/6-120	VLSVDDSALMRQIMTEIINHSDMEMVATAPDPLVARDLIKKFNPDVLTLDVEMPRMDGLDFLEKLMRLR-PMPVVMVSLTGKSEVTLRALELGAIDFVTKPQ----------	66.7	166.87394834489902	0.6071428571428571	0.9017857142857143	0.5982142857142857	0.9375	0.8035714285714286	72.75172768878718	2.0
seq1	MLFLDDHPAVRRAYRINCPDHPELEVLEAETSECINKLLEQNKPNIFIVDLSFAGDHGIGIIEMIKERHTTLKIVVTTMHQDANLIRKVANAGAYGFISKSVSLAEMEKILY	SKN7_YEAST/379-489	VLLVEDDAVSIQLCSKFLRKYGC-TVQVVSDGLSAISTLEKYRYDLVLMDIVMPNLDGATATSIVRSFDNETPIIAMTGNIMNQDLITYLQHGMNDILAKPFTRDDLHSIL-	66.3	158.2211387068432	0.7053571428571429	0.8928571428571429	0.6517857142857143	0.9375	0.8214285714285714	69.10418263810597	2.51
seq26	MILADDHTAIVQGMREILRREEI-EIYECGDFTELLELVKAENVDLIITDYHMSPHRGSDFLEECINSKFQGQILLLTGESSFENIRSMMTLSVAAFVTKTMGEEEVFAAVN	NODW_BRADU/22-132	VFVVEDDISMRRSLTNLFRSVGL-EVVAFGSAREMLQSTMPDVTSCLVLDVRLPGLSGLDYQTELARLNIHIPIIFITGHGDIPMTVRAMKGGAVDFLSKPFRDQELLDAV-	65.7	159.373925217394	0.7767857142857143	0.8928571428571429	0.6785714285714286	0.9464285714285714	0.8482142857142857	59.64168564920273	1.81
seq6	MIVSDDEPMVRIGIHTLLEELDGFREYETVDGHEAWQELINTDADVAIFDWHMPGQEATGFLQKVSDLYPNAQVIILSTRQDQQEITGAIEAGIRGFIGKSREREEIVKEIF	BVGS_BORBR/975-1092	VLVVDDHKPNLMLLRQQLDYLGQ-RVVAADSGEAALALWHEHAFDVVITDCNMPGINGYELARRIRAAEGRTRCILFTASAQMDEAQRCRAAGMDDCLFKPIGVDALRQRLN	64.5	161.4881712340098	0.6964285714285714	0.875	0.6517857142857143	0.9285714285714286	0.8303571428571429	69.98155902004454	2.1
seq29	MVISDDHPIFGIAIHSILEQTGLTNLSMTSSGKELLRTLPTLETGILIMDVRFSGLDGFTCLPGIKAVFPEAGIIAFSAVTDQVNIYTLYEHGVFAFIDKNCSKQEMVKALV	RRF1_DESVH/5-113	ILVVQEDPDIAAYLVSLFRQAGY-KADAATEGPDAVEMVQASRPDVVFLDLALPQRWGPRFYSWMVTQPGNVPVVLVTDFA----GLELMVPNAVGTVDKPFDPVLLLALV-	64.1	157.75407006365583	0.7321428571428571	0.9107142857142857	0.6607142857142857	0.9375	0.8482142857142857	67.01420867526377	2.01
seq12	MLIADDHPLVIKGIKMRIACMDSFTMAEAGDFWDLMTLTHKHLAQIILLDLLFSGEHGINPLIKIKEYAPKAVVVMLSAEASRQLILGAIAHGAVGYITKELPFRTIKQAFE	AFSQ1_STRCO/4-113	-LLIEDDDAIRTALELSLTRQGH-RVATAASGEDGLKLLREQRPDLIVLDVMLPGIDGFEVCRRIRRTD-QLPIILLTARNDDIDVVVGLESGADDYVVKPVQGRVLDARI-	59.0	166.88892955430805	0.5714285714285714	0.8839285714285714	0.5714285714285714	0.9642857142857143	0.8035714285714286	72.18902298850574	1.98
seq25	MILADDHQMVLSGLSGIVRSQYR-QVYMAGDFEELFTELAKLSPELVILDNNFSGMAGPDKIINLVENGFTGKVLVFSAEDDFDRLQLLMDFSVRGFVLKNDGADKIMEAIV	D5AQG1_RHOCB/5-117	VHIVDDEESLRDSLGFLFASRGI-ATRTWAAGADLLAEWPLADCGCLILDVRMEGMSGPQLLDALQARPLVPPVIFLTGHADVPLAVQSLKAGAFDFVEKPFNDNHIVD---	50.3	157.97925655562346	0.7232142857142857	0.8928571428571429	0.6339285714285714	0.9464285714285714	0.8482142857142857	73.13465895953756	1.9
