sequence_name	sequence	corr_nat_seq_name	corr_nat_seq	hmmer_seq_score	stat_energy_scores	min_natural_ham_dist_seed	max_natural_ham_dist_seed	min_natural_ham_dist_full	max_natural_ham_dist_full	max_self_ham_distance	plddt_scores	rmsd
seq242	LPHGWEAQFDPDHGKYYYFNHRTRTSEWDNP	C3XPG1_BRAFL/86-116	LPPNWVKVWDDKNQHHYYWNAETDQVSWLPP	55.6	73.81154164500002	0.45161290322580644	0.8064516129032258	0.3870967741935484	0.8387096774193549	0.8387096774193549	87.30746376811594	0.93
seq314	LPPGWEERFDAQRQRCYYWNTRTGQSQWDDP	P91441_CAEEL/249-278	LKPGWKKFFDPE-KGVFYYHEEMKRTQYEHP	55.4	81.0218849637	0.45161290322580644	0.8064516129032258	0.3548387096774194	0.8064516129032258	0.8709677419354839	86.05556363636363	1.04
seq312	MPTDWEAYVDEETGKIYYYNPNTNETCWEDP	D4AS33_ARTBC/23-53	LPEGWLAQWDGRQQRWYYVQPVTRKSQWEIP	54.6	76.34901554455998	0.45161290322580644	0.8387096774193549	0.41935483870967744	0.8387096774193549	0.8387096774193549	83.80633962264152	0.92
seq307	MPTDWEARVDEDSGKMFYYNHATRETCWEAP	Q0U1W2_PHANO/114-144	-PPGWVQQWDQNSQRWYYVEQATGRTQWDPP	53.6	75.28386719126	0.45161290322580644	0.8387096774193549	0.41935483870967744	0.8709677419354839	0.8709677419354839	86.9263601532567	1.19
seq281	MPEDWEAAVDPESGRMYYYNRQTNKSCWEAP	A5E7L8_LODEL/11-41	LPNGWVAQWDEEYKRYYYVNKATGKSQWEFP	53.5	76.29946144425996	0.41935483870967744	0.8064516129032258	0.3870967741935484	0.8387096774193549	0.8387096774193549	85.72353846153845	1.13
seq235	MPEDWEAVKDPNHNVPYYYNHRTKTSQWFKP	B3RUS9_TRIAD/66-96	LPPPWQMLHDANSGCPYYWNTATNEVSWTLP	52.8	69.91760328809994	0.5161290322580645	0.8387096774193549	0.45161290322580644	0.8387096774193549	0.8709677419354839	82.03538181818182	0.87
seq315	MPLGWEKAKDRETGRYYYINRHTGQRQWDPP	D2VZQ1_NAEGR/452-482	LPSGWKQYFDDKTGKYYYHNERTDTTQWERP	52.7	78.03909253710002	0.2903225806451613	0.8387096774193549	0.2903225806451613	0.8387096774193549	0.8709677419354839	85.3908455882353	0.93
seq306	MPVGWEAHVDPDSGDTYYYNPATNESCWQAP	C8VQT9_EMENI/94-124	LPPGWVAQFDHASQRWYYIEQATGISRWEPP	52.0	78.21322438484995	0.45161290322580644	0.8064516129032258	0.3870967741935484	0.8387096774193549	0.8387096774193549	90.45719512195122	0.98
seq310	MPADWEAAEDPETGKMYYYNPTTGETCWEAP	C7YSH8_FUSV7/48-78	LPEGWTAQFDQQHQRWYYVEVATGRTQWEAP	51.8	79.59525472821001	0.45161290322580644	0.8709677419354839	0.3870967741935484	0.8387096774193549	0.8387096774193549	87.48516129032258	1.13
seq443	MPEGWESRKDRDTGRTYYVNRKTGTSQWAAP	Q54QY2_DICDI/50-79	---DWKEYKTDK-GQKYYYNTISGVRQWDAP	51.7	79.02048369847995	0.41935483870967744	0.8387096774193549	0.3870967741935484	0.8387096774193549	0.8064516129032258	87.871875	0.78
seq440	MAPDWTEGIDRKQGRTYYINHATRKSTWEKP	Q54BJ4_DICDI/649-678	---DWEELMTKD-GKKYYYNRATNVTKWDKP	51.6	72.15925418881999	0.5161290322580645	0.8387096774193549	0.45161290322580644	0.8387096774193549	0.8387096774193549	83.63802281368821	0.83
seq444	LERGWAARKAPGTGRIYYYNRVTGQTTWEPP	Q4DAU2_TRYCC/779-808	--SAWKEFWTEA-GKRYYHNAIFQQSQWERP	51.2	77.2430977889	0.45161290322580644	0.8064516129032258	0.3870967741935484	0.8387096774193549	0.8387096774193549	84.47431372549019	0.87
seq271	MPPGWELMTDEDSGRSFYYDPQTGETAWEHP	G3UJG4_LOXAF/603-633	-PKGWSCHWDRDHRRYFYVNEQSGESQWEFP	51.1	74.34992645054898	0.45161290322580644	0.9032258064516129	0.41935483870967744	0.8709677419354839	0.8709677419354839	85.3034117647059	1.42
seq439	MPPDWSTCIDPASGARYYINPVTRESTWEPP	B9R6W2_RICCO/216-245	----WKEFTTPE-GKKYYYNKITKQSKWSMP	51.1	74.88627228658999	0.45161290322580644	0.8064516129032258	0.45161290322580644	0.8387096774193549	0.8387096774193549	87.83387096774193	0.92
seq259	MPDGWTAQVSGD-GSTYYYNRATQQSQWERP	Q5KDY1_CRYNJ/84-114	--QPWQAVWSPEQNAYYFWNTKTGEVTWTNP	50.9	81.2457108726	0.45161290322580644	0.8064516129032258	0.3548387096774194	0.8709677419354839	0.9032258064516129	85.50722448979592	0.82
seq237	MPAPWEAHKDRKTNRTYYYNHRTSKSQWEKS	A0A0G2K4C8_RAT/267-296	---DWQEVWDENTGCYYYWNTQTNEVTWELP	50.9	70.90601751207994	0.45161290322580644	0.8709677419354839	0.41935483870967744	0.8709677419354839	0.8709677419354839	78.21039999999999	1.14
seq48	WEDGWEKMAAED-GKVYYYNTNTGETQWENP	PKHA5_HUMAN/58-87	LPTGWEEAYTFE-GARYYINHNERKVTCKHP	50.7	77.51877811055	0.41935483870967744	0.8064516129032258	0.41935483870967744	0.8709677419354839	0.8709677419354839	82.55254901960785	1.06
seq32	MPPGWREQLDPNNGTRYYVNAEDGTSQWTPP	A4RYZ9_OSTLU/481-511	LPPGWESRTDTTTGRTFYIDHNTRTTSWSLP	49.5	73.49193866497002	0.45161290322580644	0.8709677419354839	0.41935483870967744	0.8709677419354839	0.8064516129032258	86.75638888888888	0.74
seq309	MPTGWSAAQDKETGKHYYYNPATGKTCWEAP	Q7S233_NEUCR/116-146	LPSGWTPKWDDEYQRWYYLEEATGRSQWEAP	49.4	75.49656457826	0.4838709677419355	0.8387096774193549	0.41935483870967744	0.8387096774193549	0.8064516129032258	88.998	1.1
seq308	MPEDWEKFVDPESGRMLYYNHKTQETSWERP	B2VYX6_PYRTR/76-106	VPHGWSQEFDPRSQKWYYVDRSTGRSQWNPP	49.4	78.16211281709995	0.41935483870967744	0.8709677419354839	0.3870967741935484	0.8387096774193549	0.8709677419354839	82.72545787545786	0.79
seq272	MPPGWELQTDEDSGESFYYNPQTQETAWEHP	F1QGN0_DANRE/520-550	-PKGWSCHWDREHRRYFYMNERTSASQWEFP	49.0	73.56952958770898	0.45161290322580644	0.9032258064516129	0.41935483870967744	0.8387096774193549	0.8387096774193549	85.39119691119691	1.33
seq383	VPPGWKEVYDKDTDAWYYYNNVTGESQWTPP	S4R203_MOUSE/265-294	--GEWETHKDSS-GRCYYYNRTTQERTWKPP	48.9	78.18441634869997	0.4838709677419355	0.8387096774193549	0.41935483870967744	0.8709677419354839	0.8387096774193549	86.95390151515151	0.79
seq297	PPDMWEERTDPRSGRRYYYNRLTGETKWEIP	Q1K4Z5_NEUCR/16-46	VPEGWVARWNEQYKEWFYVNTYTKKSQWEKP	48.9	79.88986932703897	0.41935483870967744	0.8064516129032258	0.3548387096774194	0.8387096774193549	0.8387096774193549	81.57869090909091	1.49
seq286	MPEDWEAAVDPETGRKYYWNRLTGEKCWEAP	G3AE90_SPAPN/10-40	LPDGWVAQWDEEYQQYFYVNKRTGKSQWDVP	48.6	77.24299049985996	0.4838709677419355	0.8387096774193549	0.41935483870967744	0.8387096774193549	0.8387096774193549	84.91370229007633	1.1
seq277	LPSGWEARFDEATQYYYYYNTETKVKCWEAP	YHK5_SCHPO/10-42	LPAGWVAQWDPTYQAYFYINETFAQPQWEPP	48.3	78.15431193171	0.4838709677419355	0.8387096774193549	0.41935483870967744	0.8387096774193549	0.8387096774193549	88.22307407407409	1.09
seq275	MPTDWEAQTDPESGRMYYYNRLTNEKCWEAP	C4R2I8_KOMPG/12-42	LPEGWVAEWDEEYQRYFYVNTATGASQWEVP	48.2	73.41691266075996	0.4838709677419355	0.8064516129032258	0.3870967741935484	0.8387096774193549	0.8387096774193549	84.33659090909092	1.12
seq210	MPPGWVTMHDRASGRQYFYNRVTGATQWEAP	D0NCD8_PHYIT/86-115	LPPGWNEYRTPQ-GATYYYNSSTGVSTYDFP	48.0	77.77696721299	0.45161290322580644	0.8064516129032258	0.3870967741935484	0.8387096774193549	0.7741935483870968	88.67582677165355	1.2
seq289	MPDGWEERVTED-GSKYFVNQMTGETRWEAP	G8BS80_TETPH/11-41	-PEGWTAQFDKEYQTWFFINLSNGNSQWEPP	48.0	78.67059564440005	0.45161290322580644	0.8064516129032258	0.41935483870967744	0.8387096774193549	0.8709677419354839	86.17762096774193	0.78
seq434	LPSDWIACYDATSGEWYYCNVTTGQSQWVPH	C1EDH1_MICCC/632-661	---AWDTYYTNE-GVAYYVNSQTGVTQWEKP	48.0	72.8625865207	0.3870967741935484	0.8709677419354839	0.3870967741935484	0.8709677419354839	0.8709677419354839	82.57587301587303	1.27
seq169	LPPGWFEATDPASGAIYFVNRQTGATQWQAP	C1MT00_MICPC/131-161	-PPPWKAIVDAKSGRTYYWDASSGETTWTMP	47.2	83.19291936960003	0.41935483870967744	0.8387096774193549	0.3225806451612903	0.8709677419354839	0.8387096774193549	90.24779166666667	1.01
seq334	MPFGWFAAIDEDSGLWYYYNPDTGTTCWDPP	D0NAF0_PHYIT/227-257	--DQWHEVRDVERGEVWYYNATTGVSQWEPP	47.2	74.57071707828001	0.45161290322580644	0.8387096774193549	0.41935483870967744	0.8064516129032258	0.8387096774193549	89.89722656250001	1.06
seq243	LAPGWEAQWDPDGGRWYYFNKQNQTVEWDHP	A8XBE0_CAEBR/92-122	LPENWVEVYDEGISKYYFWNKLTDEVCWY--	47.0	69.5942854188	0.45161290322580644	0.8387096774193549	0.41935483870967744	0.8387096774193549	0.9032258064516129	80.06302583025831	1.01
seq395	MPPGWEQVYDNSIGQPYYYNTNDNTSQWLPP	A8JDU6_CHLRE/283-313	--TPWRELVDEASGAPFFFNVETGDTTWELP	47.0	73.90584646533001	0.4838709677419355	0.8064516129032258	0.41935483870967744	0.8387096774193549	0.8064516129032258	88.19603846153846	0.94
seq447	LPPDWISAKSPQTGKIFYYNPLTKHSSWELP	Q00TJ8_OSTTA/113-142	--AGWVMYHDKL-GRPYYHNKLSGKTQWTLP	47.0	80.30760425349995	0.41935483870967744	0.8387096774193549	0.41935483870967744	0.8709677419354839	0.9032258064516129	84.944609375	0.98
seq69	MPPGWRQQTDRDTGRRYWVNRTNGSSQWEPP	Q8IQR5_DROME/455-484	LPPRWSMQVAPN-GRTFFIDHASRRTTWIDP	46.9	71.62062015417	0.4838709677419355	0.8387096774193549	0.3870967741935484	0.8709677419354839	0.8064516129032258	85.69479245283019	0.87
seq24	MPPGWRVQLTRDNGRAYYVNTTDGTVQWQHP	B0WB11_CULQU/311-340	LPAGWEMRVDKY-GRRYYVDHNTRSTYWEKP	46.9	69.87375482170002	0.5161290322580645	0.8709677419354839	0.45161290322580644	0.9032258064516129	0.8709677419354839	85.30887159533073	0.69
seq208	LPPGWRRVRDRNSGRVYYYNRLTHEESWVNP	B9RPX6_RICCO/260-289	---AWTAHKTDA-GVVYYYNAVTGVSTYEKP	46.6	76.60239737734999	0.41935483870967744	0.8387096774193549	0.3870967741935484	0.8064516129032258	0.8387096774193549	85.09767272727272	1.06
seq264	MPLEWEAAKDPATGDWYYYNRRTSQTQWNKP	D2A2A7_TRICA/49-79	LPPGWRPCYDDKSKSYYYYNNNTGKTQWEHP	46.5	76.31684188799998	0.3225806451612903	0.8709677419354839	0.3225806451612903	0.8387096774193549	0.8387096774193549	85.70293680297398	0.98
seq239	MPEGWEKQADPKTNRTYYFNKKEDKTQWNKP	C3Y503_BRAFL/160-190	---EWQECLDEGTGCVYYWHTLTNEVQWEIP	46.3	72.90761673499998	0.4838709677419355	0.8387096774193549	0.45161290322580644	0.8709677419354839	0.8709677419354839	84.01360294117647	0.96
seq328	MPKDWAAAKSRKSGKYYYFNRTTRESQWETH	D0MSU9_PHYIT/71-101	----WREALDPASNKIYYYNTETNATQWERP	45.9	69.01792593009995	0.41935483870967744	0.9032258064516129	0.41935483870967744	0.9032258064516129	0.8709677419354839	69.00551851851851	1.17
seq290	MPKMWIEREDEYSGSKYYYNHQTGETQWDAP	Q6C5T8_YARLI/10-40	VPDGWLAKWDPNYKTFYYVDLSNGKSQWDKP	45.8	71.64130101973001	0.45161290322580644	0.8709677419354839	0.41935483870967744	0.8387096774193549	0.8709677419354839	86.75925925925925	1.04
seq155	MPPGWKEATDEDTNKRYYYNERDNVVQWEEP	A9V1E0_MONBE/458-487	LPARWECLVDAN-GLCYYVDHETKTSSWIHP	45.7	73.75779755186002	0.45161290322580644	0.8387096774193549	0.41935483870967744	0.8709677419354839	0.8709677419354839	85.3808455882353	0.88
seq226	MPLGWRALHDPASGKRYYYNRKTKQTSWQFP	B7G9D5_PHATC/387-417	LPSGWVEQTDPSSGRPYYYHNASNLTQWERP	45.6	76.29816124637799	0.45161290322580644	0.8709677419354839	0.3870967741935484	0.8387096774193549	0.8064516129032258	84.52944029850747	0.99
seq136	MPDGWQTQTDRDSGRRYYYNTQDQTRQWQRP	A7RIU7_NEMVE/435-464	-PDGWEQVESPQYG-IYYVNHATGSSQREHP	45.6	68.12258928519	0.45161290322580644	0.8387096774193549	0.45161290322580644	0.8709677419354839	0.8709677419354839	84.38375451263538	1.17
seq313	MPTPWEAAVDPETGKRYWWNTLTNETSWEAP	SEC24_CRYNJ/7-37	LPQGWEARWDPQANAYIYVDQSTGRSQWEVP	45.6	78.0658402262	0.45161290322580644	0.8387096774193549	0.41935483870967744	0.8709677419354839	0.8709677419354839	84.77370656370657	1.46
seq302	MPRDWYAAVDPQTGRMYYYNPRTGSSCWESP	A0A0D1C224_USTMA/81-113	LPEGWVKQWDNNYSRYFYVDTKAPRSIWVHP	45.4	73.56446098426001	0.45161290322580644	0.8387096774193549	0.41935483870967744	0.8709677419354839	0.8387096774193549	87.80786821705426	1.12
seq211	MPPSWTQMHDPATGKTFYYNAVTGESRWDQP	H3CFI5_TETNG/200-230	LPEGYAEQRTTVQGQVYFLHTQTGVSTWHDP	45.4	77.149158830036	0.45161290322580644	0.8387096774193549	0.3870967741935484	0.8709677419354839	0.8709677419354839	88.99343873517786	0.98
seq446	LPPGWESAISRATGQTYYYNHQLKKSQYEAP	C1FHI1_MICCC/155-184	--SDWKVFYDTS-GRPYYHNAKTGVTQWTPP	45.3	83.88189848999997	0.41935483870967744	0.8387096774193549	0.3870967741935484	0.8709677419354839	0.9032258064516129	89.3655905511811	1.11
seq146	MMDGWIAMTDADTGRRYYVNSSDGTTQWTAP	Q4GYL7_TRYB2/49-78	LPEHWKACRSEK-GELYYFNFKTGESIWDHP	45.3	69.65298553263	0.4838709677419355	0.8387096774193549	0.45161290322580644	0.9032258064516129	0.8709677419354839	87.81037037037036	0.99
seq14	LPEGWEEIEDRETGTRYYFNRFDGSRTWEPP	A9VBQ2_MONBE/211-240	LPTGWEARLSPG-GEVYYANHITRTTQWQKP	45.0	75.75138255930001	0.3870967741935484	0.8709677419354839	0.3870967741935484	0.8709677419354839	0.8387096774193549	87.14500000000001	1.02
seq236	LPSEWKEQTSAEDGKKYYIHKGTGETQWFQP	B8BR86_THAPS/348-377	LPEPWMRTLTDA-GAAYYWNTDTNETTWKKP	45.0	71.89158369246003	0.45161290322580644	0.8709677419354839	0.45161290322580644	0.9032258064516129	0.9032258064516129	87.62061538461539	1.08
seq317	MPEDWEERISDNTGERYYYNRDTGETSWEPH	Q4N8H4_THEPA/377-406	--GPWKEYISPD-GRFYYYNIDNGTTQWEVP	44.5	72.87255220949996	0.45161290322580644	0.8709677419354839	0.41935483870967744	0.9032258064516129	0.9032258064516129	83.03191176470588	1.35
seq197	MRNAWTKAVDPATGKTYFHNSKTGETSWDAP	B7G9D5_PHATC/1066-1096	LPEGWIEVMDPNSGSVYYFNEVDGTSSWDKP	44.2	76.96843168346999	0.4838709677419355	0.8709677419354839	0.41935483870967744	0.9032258064516129	0.8709677419354839	83.23446721311475	0.97
seq337	MPAGWFAAKDKNTGRTYWYNATTGTSQWGPP	Q4DGW5_TRYCC/368-397	--DDWKEAYDDD-GNRYYYNEVTGETAWEKP	44.2	75.43944051100003	0.41935483870967744	0.8064516129032258	0.41935483870967744	0.8387096774193549	0.8064516129032258	87.36604081632653	0.97
seq287	MPKMWIERVSED-GVHYYVNQETGQTQWRAP	C5DBI0_LACTC/11-41	VPNGWKAVFDEEYRTYFFVDLSNGKSQWEEP	44.2	69.47433990435	0.4838709677419355	0.8387096774193549	0.41935483870967744	0.8709677419354839	0.9032258064516129	86.78403921568628	1.0
seq227	MPAGWEQAHSPNTGQSYFVNRATRQRTWVRP	C1MQR0_MICPC/396-425	-PPGWSEHVDGS-GREFYHHAATGRSSYEHP	43.9	71.18583103587	0.5161290322580645	0.8709677419354839	0.41935483870967744	0.8709677419354839	0.8709677419354839	83.635	1.23
seq228	MPEGWRCSQDPESGHFYFFNSATSSSSWTPP	F4JC80_ARATH/860-890	LPSEWQAYWDESTKKVYYGNTSTSQTSWTRP	43.9	69.79373286506	0.5161290322580645	0.8387096774193549	0.4838709677419355	0.8387096774193549	0.8387096774193549	86.51120967741934	1.04
seq142	MTEPWKQVTDPATGRHYWYNPQTNTSQWEAP	A0A125YRW9_TOXGV/239-269	LPAPWVACQSRRDGSIFFFNPETKASVWENP	43.7	71.18061704979002	0.5161290322580645	0.8709677419354839	0.41935483870967744	0.9032258064516129	0.8387096774193549	83.55589353612166	1.38
seq179	LPYPWSQARDPKTGRLYFWNREDGSTQWENP	A7RG61_NEMVE/170-200	LPVGWVLTKDEDTGRPYYYNPKTNETSWKPP	43.7	76.41859565397006	0.45161290322580644	0.8387096774193549	0.41935483870967744	0.8709677419354839	0.8064516129032258	85.56303703703703	1.0
seq241	MPVGWFKEKDTATGRIYYYNTVNNVSQWNRP	D0NST1_PHYIT/104-134	LPTPWIEYCDETTGKHYFYDSSTRHVRWHPP	43.5	71.55331986823002	0.45161290322580644	0.8387096774193549	0.45161290322580644	0.8387096774193549	0.8387096774193549	86.07863636363636	0.8
seq285	MPEDWQCAVDGDTGRAYYWNPLTGDTCWEAP	Q5AQA9_EMENI/55-85	-PYPWVPRWDERSQRYYYLNEQTGETTWEIP	43.4	73.25058821345998	0.5161290322580645	0.8387096774193549	0.45161290322580644	0.8387096774193549	0.8387096774193549	85.0196370967742	0.96
seq258	LPAPWTEQIDPDTGKRYFYNRIDSTSQWTAP	Q4N646_THEPA/8-38	----WKEVIDPSSRSVYYWNISTGETSWVNP	43.2	69.41084699027999	0.45161290322580644	0.8387096774193549	0.45161290322580644	0.8709677419354839	0.8064516129032258	83.6003474903475	1.07
seq137	MPDGWRAQVDPASNRRYYLNVQTRTAQWVAP	B4IGS9_DROSE/1870-1899	LPPAWNWQVTSD-GDIYYYNLRQRISQWEPP	43.2	72.31611362811996	0.4838709677419355	0.8387096774193549	0.41935483870967744	0.8387096774193549	0.8387096774193549	86.75198443579767	0.96
seq386	MPTPWSVAQSGDAGRWYYYNENDGTAQWEHP	B5YMG8_THAPS/325-355	--GDWGAYLDQRSGLVYYFNKETKESSWDPP	43.2	66.31611166150003	0.41935483870967744	0.8387096774193549	0.41935483870967744	0.9032258064516129	0.8387096774193549	81.95906250000002	1.0
seq408	LPPGWHRTWDPQRNLYYYYNVQDKKTTWENP	Q6CMR6_KLULA/39-68	LKYGWKTALAED-GRVYYYKSDTGETTWNVP	43.0	72.9619244164	0.45161290322580644	0.8387096774193549	0.45161290322580644	0.8387096774193549	0.8387096774193549	84.22961130742051	1.05
seq329	LPPGWEKELEKRTGSVYYINRQTGASTWIPP	A7S772_NEMVE/166-195	---SWAVSQSPE-GYYYYYNSQTQASQWEVP	43.0	75.59103980969998	0.45161290322580644	0.8387096774193549	0.41935483870967744	0.8064516129032258	0.8387096774193549	87.80782608695651	1.09
seq233	MLLGWVSQKDPDTGRVFYFNADNKSTSWDAP	Q581S3_TRYB2/111-141	--EEWHEFFDSTTQHVFYCNSETGEVQWTPP	42.8	67.4538078552	0.5161290322580645	0.8709677419354839	0.4838709677419355	0.9032258064516129	0.8387096774193549	81.72936	0.86
seq431	MPPDWVAHKDPKSHQQYYCNLSTGESKWDPP	Q4N9M8_THEPA/150-179	----WHVYKDEN-GVPYYYNSITGHTQWERP	42.8	75.64591058190001	0.45161290322580644	0.9032258064516129	0.41935483870967744	0.9032258064516129	0.8387096774193549	85.16605468750001	0.92
seq224	MPAGWRQETSPVHGRTYYYNTVTGQRTWDFP	G3QCM4_GASAC/31-59	LPSGWRTIKDST-G-TYYWHVPTGATQWQHP	42.7	75.8241083633	0.4838709677419355	0.8387096774193549	0.3870967741935484	0.8387096774193549	0.8387096774193549	84.9620610687023	1.07
seq442	MPKDWHACVDRASGRTFYINFTTRTSRWVHH	YO61_CAEEL/125-154	--GQWKEFMSDD-GKPYYYNTLTKKTQWVKP	42.6	65.86768209469997	0.5161290322580645	0.8709677419354839	0.45161290322580644	0.9032258064516129	0.8709677419354839	76.0053007518797	0.94
seq43	MPHDWEEIKDKQTGDRYYFNHQDQTTCWVPP	D6W803_TRICA/218-247	LPEGWEQAQTPE-GEIYFINHQTRTTSWFDP	42.5	65.70699783743997	0.45161290322580644	0.8709677419354839	0.45161290322580644	0.8709677419354839	0.8709677419354839	84.07775735294118	0.91
seq262	VPLGWTQAVHEDSGRTYFFNAETGERRWVDP	D2VM02_NAEGR/8-38	--SGWTEIFDEKHQRFYYFNPSTNETSWTHP	42.3	71.72516265905598	0.4838709677419355	0.8709677419354839	0.45161290322580644	0.8709677419354839	0.8709677419354839	84.8376653696498	1.01
seq167	MADGWREATDPATGTKYFYNRANGTSQWNFP	D0N6W9_PHYIT/270-300	-PVAWRVAVDPKSKKPYYYHPITRETTWKKP	42.3	73.70083570148003	0.45161290322580644	0.8709677419354839	0.41935483870967744	0.8709677419354839	0.8064516129032258	84.59545816733068	1.0
seq359	MPADWHCQYDKATERYYFYNNNDGTSQWVPP	A9UNJ8_MONBE/585-614	---KWQVHAMPD-GRPYYFNTETQTSVWVMP	42.3	63.59985633600004	0.5483870967741935	0.8709677419354839	0.4838709677419355	0.9032258064516129	0.8064516129032258	84.35059701492537	1.06
seq274	MPPNWELMTAPNSGDTYYYNPLTREACWEPP	C3Y503_BRAFL/545-575	-PRGWTCHWDRANRRYYYMNTATGESQWEYP	42.2	73.24014070742999	0.4838709677419355	0.8709677419354839	0.45161290322580644	0.8387096774193549	0.9032258064516129	87.15627450980392	1.43
seq244	LYPGWEAKQSPASGRWYYFNRRTRTSEWNPP	J9K136_ACYPI/118-148	LPKNWHEVYDPGTGRFYYWDVINDSVCWLPP	42.2	76.73728611249999	0.45161290322580644	0.8064516129032258	0.41935483870967744	0.8387096774193549	0.9354838709677419	84.43723247232471	1.01
seq411	MTHGWREAKDKASGTWYYYNDTTKKSQWTRP	Q4UIQ5_THEAN/14-43	--SSWYEVKTSK-NYKYYYNKETKETKWERP	42.1	74.15758923087002	0.41935483870967744	0.8709677419354839	0.3548387096774194	0.8709677419354839	0.8387096774193549	84.88839552238807	1.31
seq33	MPPGWREELSPDNGTLYYVNTTDRSTQWQPP	B9IQV4_POPTR/11-41	LPPGWEKRSDAATGKTYYIDHSTRATTWNHP	41.9	70.47790975865998	0.4838709677419355	0.8709677419354839	0.45161290322580644	0.9032258064516129	0.8064516129032258	85.302734375	0.9
seq282	MPEDWEVAVDEESGCRFYWHRLTGDTTWEAP	C5MCI5_CANTT/10-40	LPRGWKAQWDEEYKRYFYVNEKTGESQWDIP	41.9	70.30897655	0.5161290322580645	0.9032258064516129	0.3870967741935484	0.9032258064516129	0.9032258064516129	85.0788122605364	1.2
seq304	MPTDWISATDKETGETYYRNTATGKTCWEHP	E5A099_LEPMJ/25-55	LPAGWTAQWDNSSRKYYYVQISTRVSQWELP	41.8	72.43035860013997	0.4838709677419355	0.8387096774193549	0.45161290322580644	0.8387096774193549	0.8709677419354839	87.13956175298804	1.18
seq414	MRCPWHACWNSTTNRWYYYNHMEGTSHWLPP	PRP40_SCHPO/32-61	--SDWHEVKTED-SRVYYYNSVTRKSVWEKP	41.7	53.876083416780006	0.6129032258064516	0.9032258064516129	0.5483870967741935	0.9032258064516129	0.8387096774193549	83.11297101449276	1.64
seq293	MPKMWIERVSADSGSKFYYNRLTGETRWEAP	A5DDT3_PICGU/31-61	VPDGWLAKFDDKYSTWFYVNLSTKKSQWEPP	41.7	69.3603347489	0.5161290322580645	0.8387096774193549	0.45161290322580644	0.8709677419354839	0.8709677419354839	84.23265384615385	1.21
seq96	MPPQWRTQTDPETGTRYYYNLITQASCWVAP	B3S724_TRIAD/395-424	--PPWEKSLTVN-NVPYYVNHEKKVTQWDHP	41.7	68.99098078201	0.5161290322580645	0.8387096774193549	0.4838709677419355	0.8709677419354839	0.8387096774193549	84.1610465116279	1.13
seq278	MPEGWEAAYDPDTGYYYYYNRINKVKCYEAP	YHK6_SCHPO/10-42	LPSGWVAQWDAEYGTYFYVNESAPQPQWEPP	41.7	69.68524189636004	0.5161290322580645	0.8387096774193549	0.45161290322580644	0.8709677419354839	0.8387096774193549	84.17293233082707	0.97
seq191	MRLGWRAVVHPATGRTYYYNPDTGQRSWDFP	B7G9D5_PHATC/503-533	LPAGWVAANDPSSGRTYYYHAESGVTSWNPP	41.6	72.92253667089997	0.4838709677419355	0.8709677419354839	0.45161290322580644	0.8709677419354839	0.8064516129032258	84.8380534351145	1.05
seq294	MPKPWIERKDARSGSMYYYNRLTGETCWKAP	C0P0B9_AJECG/14-44	VPDGWVAQFDDKYKEWFYVNLKTGISQWERP	41.5	69.98470957774998	0.4838709677419355	0.8387096774193549	0.41935483870967744	0.8387096774193549	0.8387096774193549	83.89609195402298	1.22
seq441	MPADWAECTHRATGKRYYVNRQTKETQWTGH	A0BJK1_PARTE/50-79	--EEWQQYLTED-GKPYWYNRNTRESKWQKP	41.4	64.02587889024899	0.5161290322580645	0.9032258064516129	0.45161290322580644	0.9032258064516129	0.9032258064516129	79.25858237547892	1.78
seq432	LPGDWRACKDRHSRQTYYFNERTGESSWVTH	Q4N6G9_THEPA/104-133	----WQQFTTAE-GVPYYYNVRTGQTQWEKP	41.4	72.67321517250001	0.4838709677419355	0.9032258064516129	0.45161290322580644	0.9354838709677419	0.8709677419354839	78.96374531835205	0.98
seq123	MPAGWRVELDNRTGTRFFINHEAKQTHWEDP	B7G071_PHATC/10-40	LPPGWSRGYSTSQKRTFYFHQETKHTQWHFP	41.4	70.50482754226002	0.5161290322580645	0.8387096774193549	0.45161290322580644	0.8709677419354839	0.8387096774193549	82.80113636363636	1.11
seq175	MPSPWDEKQDPSTGSWYYWNHATNTVQWTRP	C4Y3C3_CLAL4/34-63	LGSSWKSYRTED-GREYYYNEASGETTWDKP	41.4	72.86308352491999	0.4838709677419355	0.8709677419354839	0.41935483870967744	0.8709677419354839	0.8387096774193549	86.63591760299626	0.97
seq76	MPDGWYEQLSNDNGYRYFYNDFNGISQWEPP	A8WXP6_CAEBR/176-205	-PHGWEICYDSE-GHRYYKDHNSKTTTWNDP	41.2	68.98515653410001	0.5161290322580645	0.8709677419354839	0.4838709677419355	0.8709677419354839	0.8064516129032258	82.30974074074075	1.03
seq225	MLPPWRVATDSETGRKYFYNPLTGTRTWTNP	C3XWQ0_BRAFL/479-508	LPPGWEKVTETE-GISFYWHIPTGTTQWDPP	41.1	70.42393397812	0.5483870967741935	0.8709677419354839	0.4838709677419355	0.8709677419354839	0.8387096774193549	85.63492248062015	1.17
seq396	MQGGWHECWDKDTGEWFFYNDTDGTVHWDRP	A4RVE0_OSTLU/72-105	--SAWHAVVSEDDGRVYYIHKETQETTWEKP	41.0	56.323375436789995	0.5483870967741935	0.9032258064516129	0.5161290322580645	0.8709677419354839	0.8387096774193549	83.74140740740741	1.21
seq260	MPDGWQAKTSGD-GRQYYFNPGTQRSQWNRP	B8PC70_POSPM/88-118	--GDWQAIWSPAHNAYYFYNAKTQETTWANP	40.8	73.81300479078	0.4838709677419355	0.8064516129032258	0.41935483870967744	0.8709677419354839	0.9032258064516129	86.8181124497992	1.15
seq176	MPPGWKEKYHPSSKRWYFYHNSTGTVQWTAP	A5DIY7_PICGU/33-62	---DWSVYTTDD-GREYYYNEKTQETTWEKP	40.8	69.10171770168002	0.5161290322580645	0.8709677419354839	0.45161290322580644	0.8709677419354839	0.8387096774193549	88.47925373134329	1.09
seq19	LPERWRTILDRGNGEYYYVDHTAGTVQWTPP	Q9BKW4_CAEEL/72-101	LPAGWEQRVHAD-GRVFFIDHNRRRTQWEDP	40.6	66.31720838991004	0.4838709677419355	0.9354838709677419	0.4838709677419355	0.9354838709677419	0.8709677419354839	81.7548854961832	0.79
seq71	MPPGWREEPDRDTGRRYYVNFTNGSSQWRPP	B3RPH2_TRIAD/254-283	LPPGWEMRHNPN-GRIYFIDHNTRRTQAI--	40.5	70.87919859098997	0.4838709677419355	0.8387096774193549	0.45161290322580644	0.8709677419354839	0.8387096774193549	83.6229433962264	0.87
seq266	MPSGWELAQDEETGHTYYINRLTSQRRWERP	D2VRC5_NAEGR/303-333	LEEGWVAYYDYGSNQYYYHHAQSGTTTWDKP	40.5	73.16603660891802	0.3548387096774194	0.8709677419354839	0.3548387096774194	0.8387096774193549	0.8387096774193549	83.99179104477612	1.38
seq417	MPKGWHACFDKASNQYYYYNATEGFSQWTPP	A7RZN2_NEMVE/145-174	--SEWSEHRTSD-GRVYFYNSRTMQSTWERP	40.3	71.03350217513999	0.5161290322580645	0.8709677419354839	0.45161290322580644	0.9032258064516129	0.8387096774193549	86.46988505747126	1.01
seq427	MPKGWEVLKDSKTGVWFYRNPVNGTTQWQKP	B2VTB8_PYRTR/12-41	--PVWTAATNTD-GREYYYNTITKVTTWEKP	40.2	68.17830666637	0.5161290322580645	0.8709677419354839	0.45161290322580644	0.9032258064516129	0.8387096774193549	83.33069230769232	1.17
seq220	MPEDWETHHDPATHHQYYYNRTTKKTHWERP	B0CY91_LACBS/10-39	LPVGWTEHADPG-GHFYYFNSQTQESTYVRP	40.2	70.96117846439002	0.4838709677419355	0.8709677419354839	0.45161290322580644	0.8387096774193549	0.8064516129032258	82.29296819787984	0.97
seq124	MPAGWRVETDASTGRRYYYDPFAGSTRWQHP	Q5KAQ9_CRYNJ/132-162	LPPGWTAVMSKSHNRPFYYHKESNRTVWEKP	40.0	67.77893321199002	0.5161290322580645	0.8387096774193549	0.45161290322580644	0.9032258064516129	0.8387096774193549	83.48795366795368	0.99
seq392	VPEGWHAYISEEIGEWYYYNVTDNTAQWDRP	B7G9D5_PHATC/998-1028	--TGWEALVDEASGAIYYYNKLDGTSSWERP	40.0	70.22007935742198	0.4838709677419355	0.8709677419354839	0.45161290322580644	0.8709677419354839	0.9354838709677419	85.74474074074075	0.79
seq205	LPKPWQVGLDPATRRQYFYNTATGATSWEPP	SET2_YARLI/503-532	LPKGWQFANDPQ-GKVYYYNLELNIQQWDFP	39.6	78.7019004057	0.45161290322580644	0.8387096774193549	0.41935483870967744	0.8387096774193549	0.8387096774193549	85.47055555555555	0.93
seq101	MPPGWKTETSGDNGIRYYYNHRNGSTQWQPP	B3RRS5_TRIAD/161-189	LPPNWEMRYSN--GRPFYIDHKSRKTQWEDP	39.5	65.86003130353	0.5161290322580645	0.8387096774193549	0.45161290322580644	0.8709677419354839	0.8064516129032258	81.68642023346304	1.17
seq102	MPPQWETEVDPESGKLYYWNHKDGSRQWQPP	D0MTN7_PHYIT/1203-1233	LPPGWETRLSRSKGKAYYCNPELRITQWDHP	39.4	67.09669706954	0.4838709677419355	0.8709677419354839	0.45161290322580644	0.9032258064516129	0.8064516129032258	84.95313432835822	1.14
seq316	LPDGWEEHFSQDGKIHYFKNKTTGKSQWDKH	D0MZS2_PHYIT/126-156	---HWVKYVDAASNKPYFHDASTGKTQWEEP	39.4	67.74298361065003	0.5483870967741935	0.9032258064516129	0.4838709677419355	0.9032258064516129	0.9032258064516129	68.3283082706767	1.05
seq174	LPLEWVTAVDPETGRTYFVNRVDGSRQWQNP	B7G6I4_PHATC/275-305	--AGWDTAVDSASGKTYYYNVVTNETKWDRP	39.3	73.98221821850005	0.4838709677419355	0.8709677419354839	0.45161290322580644	0.8709677419354839	0.8064516129032258	86.50533073929961	0.96
seq435	MPHDWVKLTDPTTGAVYYYNQTSGQAQWVPC	D0N282_PHYIT/1004-1033	LESQWDTVYTED-GYPYYVNKTTGVSQWEKP	39.3	66.07545854323003	0.4838709677419355	0.9032258064516129	0.41935483870967744	0.9354838709677419	0.8387096774193549	83.8072	1.22
seq311	MPDDWESAVDPETSLTYYYNPATGETCWPRP	C9S664_VERA1/142-172	LPDGWIKRFDERHGRWYYVDETTGTSQWESP	39.3	77.75777918157996	0.45161290322580644	0.8387096774193549	0.3870967741935484	0.8387096774193549	0.8387096774193549	90.17646825396825	1.17
seq284	MPEDWETHEDEDSGRAFYWDRRNGDTCWEAP	Q4WEP6_ASPFU/55-85	LPYPWVARWDDRDQRWFYVNEQTGERSWERP	39.1	66.33528744764997	0.5483870967741935	0.8709677419354839	0.4838709677419355	0.8709677419354839	0.9032258064516129	85.10445692883894	1.12
seq252	LPEGWESMIDPETGITYYWNPEDSTSTWGEP	C3YQ65_BRAFL/45-74	--SSWVEHKTRQ-GHSYYFNLETMESSWLPP	38.7	71.91714913268392	0.45161290322580644	0.8387096774193549	0.45161290322580644	0.8709677419354839	0.8709677419354839	85.86581027667984	0.98
seq218	MPEGWVRETDPESGSYYYSNAESGELQWERP	B3N171_DROAN/96-126	LPYGWEERVMPHTKETYFYDTKTGKVHYTLP	38.7	75.43816065399001	0.41935483870967744	0.8387096774193549	0.3870967741935484	0.9032258064516129	0.8387096774193549	86.67459143968873	1.13
seq1	MPAGWYQVTDSDSGVNYYYNVNDSSTQWDLP	D0N5V3_PHYIT/1098-1128	LPEGWIRRTHSKSGREYFYDTLNKVASWKLP	38.6	66.60910726849998	0.4838709677419355	0.8387096774193549	0.4838709677419355	0.8387096774193549	0.8064516129032258	88.05650793650793	0.91
seq445	LPQVWAAQTARATGRIYFYDRVTGQTTWGPP	Q585L2_TRYB2/786-815	--GAWKEYWSDG-GKKYYYNYILEQSQWECP	38.6	68.11656721179	0.5161290322580645	0.8387096774193549	0.45161290322580644	0.8709677419354839	0.8709677419354839	85.68983935742972	1.06
seq70	LEPGWRKELCRDSGQIYYYNREDNTSQWRSP	C7ZL56_FUSV7/331-361	-PPRWEVKIAPGRNRVYFVDHNEGQTTWIDP	38.6	66.86664685238999	0.5161290322580645	0.8387096774193549	0.45161290322580644	0.9032258064516129	0.8709677419354839	82.8259778597786	1.0
seq291	MPKMWETRVSADRGSKYYLNRLTGETQWETP	Q6BM86_DEBHA/12-42	VPKGWLAKYDEKYKAFFYVDLRTKKSQWEAP	38.5	72.17110549269002	0.45161290322580644	0.8387096774193549	0.41935483870967744	0.8709677419354839	0.8709677419354839	83.35	1.17
seq340	MPANWKEAYDKKNNKYYFCDDNDGKTQWNDP	B3RXK4_TRIAD/165-194	---SWTAQLSPE-GYTYYYNWTTGESKWEKP	38.5	62.36814186276002	0.5161290322580645	0.8709677419354839	0.4838709677419355	0.9032258064516129	0.8387096774193549	82.04891385767789	1.16
seq88	MPAGWSTILDDGTGTRYYVNRVDGSRQWEPP	B3LZ89_DROAN/425-454	LPPGWATQYTLH-GRKYYIDHNAHTTHWNHP	38.4	71.33095438471005	0.4838709677419355	0.9032258064516129	0.45161290322580644	0.9032258064516129	0.8387096774193549	85.59100806451613	0.8
seq409	MPHGWHVHYDPDRNLCYFYNDVDGQTHWTRP	B8C257_THAPS/617-646	-TSPWRSATAAD-GQVYYYNQNTGETQWDKP	38.3	60.60472186760203	0.5161290322580645	0.8709677419354839	0.5161290322580645	0.8709677419354839	0.8387096774193549	85.49150183150184	1.18
seq245	MPDGWEPAKDGALGKTYYYNRGTGLTQWDDP	B4MC88_DROVI/126-156	--ADWKDVYDNGCGSYYFYNSATRKVSWLPP	38.3	77.81360813738998	0.3870967741935484	0.8387096774193549	0.3870967741935484	0.8064516129032258	0.8064516129032258	85.96060728744939	1.05
seq190	MPEGWREVVDPASGQTYHVDPATGQRSWEAP	C1DZR3_MICCC/3-33	LPGGWARAVDPSTNLPYYHNVARGITSWDPP	38.2	77.9994589473	0.4838709677419355	0.8709677419354839	0.45161290322580644	0.8709677419354839	0.8387096774193549	87.09901234567901	1.22
seq196	MTNGWEKYVDPATGMYFYHNTVTGARSWDSP	B7G9D5_PHATC/1624-1654	LPPGWVESIDPTSGETFYFNESEGTSCWEKP	38.1	70.72327460200701	0.5161290322580645	0.8387096774193549	0.4838709677419355	0.8709677419354839	0.8387096774193549	85.01603174603174	0.92
seq177	LPAGWHEVYHPSTGRWYFWNNDDDTVQWDAP	B7FSJ8_PHATC/73-102	---SWVVYKDEE-GREYYYNVETEETQWEKP	38.0	71.84312482728998	0.45161290322580644	0.8387096774193549	0.41935483870967744	0.8709677419354839	0.8387096774193549	86.4720817843866	0.97
seq296	MPEGWESHVDARRGSMFYYDTATGASSWKAP	A2QJE3_ASPNC/8-38	VPEGWKAEFDIRYQQWYYINIHTRQSHWERP	38.0	70.23825586753996	0.4838709677419355	0.8387096774193549	0.45161290322580644	0.8709677419354839	0.8387096774193549	84.6773469387755	1.07
seq350	MPCPWDMEYDASKQRYFYYNAVTQTSQWSPV	Q6CAH0_YARLI/40-69	--TNWKEYTAEG-GRKYWFNTESKESVWVFP	37.9	58.74928621134001	0.5483870967741935	0.8709677419354839	0.5483870967741935	0.9032258064516129	0.8709677419354839	80.40800751879699	1.14
seq46	MPDGWVSRASADDGRRYYFNRNTNEFQWVTP	B3S767_TRIAD/933-962	LPYGWSEAIAAD-GQKYYMNHITQKTSWERP	37.9	67.53783478199998	0.4838709677419355	0.8387096774193549	0.41935483870967744	0.8387096774193549	0.8387096774193549	84.64655303030302	0.96
seq51	WPEGWEMRMDDDDNNRFYYNRTDGSSSWTPP	G5BLN2_HETGA/26-55	LPPGWERVESSEFG-TYYVDHTNKKAQYRHP	37.8	68.16329341561799	0.45161290322580644	0.8709677419354839	0.45161290322580644	0.9032258064516129	0.8709677419354839	77.03702602230483	1.23
seq23	MPSGWTTEIDPDTGTAYYYNRTDRTVQWTPP	D3BK66_POLPP/182-211	LPDGWEARVDQF-GRTYYIDHNTKQTTWQNP	37.8	69.36865488717201	0.5161290322580645	0.8387096774193549	0.45161290322580644	0.8709677419354839	0.8387096774193549	85.4124705882353	0.86
seq341	LPEDWKSCYDKKNGVFFYFNKADGTQQWVPK	Q17QQ6_BOVIN/121-150	---RWVEGITSE-GHHYYYDLITGASQWEKP	37.8	61.95995676369392	0.5806451612903226	0.9032258064516129	0.5161290322580645	0.9354838709677419	0.8709677419354839	77.016	1.3
seq415	MRCGWHACWHSTANKWYYYNNQDGTSHWLPP	B6JYJ3_SCHJY/33-62	--SNWQQVKTDD-GRVYYYNSQTQESVWEKP	37.8	56.633524572829984	0.5806451612903226	0.9032258064516129	0.5483870967741935	0.9032258064516129	0.8709677419354839	81.55635687732342	1.08
seq367	MPAPWEQRYNKATERFFYYNHQDNSSRWEMP	Q01BP3_OSTTA/70-100	---KWSSHDSEDTGVKYFYNEETKESTWDRP	37.7	59.943660456210026	0.5161290322580645	0.9032258064516129	0.4838709677419355	0.9032258064516129	0.8709677419354839	83.81359430604984	1.19
seq299	MPSEWEEVTDPELGRRYYYNRLTREKRWDIV	C9SJK0_VERA1/93-123	VPPGWVAQWNAQYQRWFYVDHNTGRSQWEHP	37.6	70.98743369188992	0.4838709677419355	0.8387096774193549	0.41935483870967744	0.8709677419354839	0.8387096774193549	80.13448398576513	1.26
seq437	MPKDWKTCKGKRSKRVYYINPATGKTTWKEP	D3BMZ3_POLPP/77-106	LPPNWKEYTTPE-GKKYYHNELTKETKWELP	37.5	63.99867000267998	0.5483870967741935	0.8387096774193549	0.5161290322580645	0.8709677419354839	0.8709677419354839	83.71644787644789	1.12
seq49	MPDGWESRASADSNTTYYFNTNTNEFQWVEP	A9UNZ5_MONBE/494-523	LPFGWESAYTAD-GLKYYIDHTTQTTSWKHP	37.5	66.59014578270002	0.5161290322580645	0.8709677419354839	0.45161290322580644	0.8709677419354839	0.8709677419354839	85.28600775193799	0.96
seq15	MPLGWREILDRQTGHRYYVNRFDGTRHWQPP	A7SUS7_NEMVE/31-60	LPVEWEVRTTDT-GRVYYANHLTKTTQWQHP	37.5	62.29972761512002	0.4838709677419355	0.9032258064516129	0.45161290322580644	0.9032258064516129	0.8709677419354839	84.28290909090909	0.8
seq22	MPPPWRTVVDPRTGTRYYYNRTDGTRQWQPP	B3RVX8_TRIAD/19-48	---RWEERTDPY-GRHYYVDHNTRTTTWERP	37.3	68.74204381726003	0.5161290322580645	0.8387096774193549	0.4838709677419355	0.9032258064516129	0.8064516129032258	83.38902985074628	1.04
seq65	MPPDWRVISTRNNGERYYVNRRDGSSTWQRP	B3RVX8_TRIAD/159-188	LPPSWEKKVTDQ-GIVYFIDHSTKTTTYTDP	37.3	64.78053206255997	0.5161290322580645	0.8709677419354839	0.45161290322580644	0.8709677419354839	0.8387096774193549	75.41719101123596	0.89
seq212	MSLNWEKRYDPQTNSYYYYNPVTKKSRWAPP	A8IS98_CHLRE/282-312	-PPGWEKIRDVNTKLSFYVNKKTGEKTWVRP	37.2	68.52780353357998	0.5483870967741935	0.9032258064516129	0.4838709677419355	0.9032258064516129	0.8387096774193549	84.33916363636364	1.4
seq173	LPGPWTTETDPASGRAYYVNRLDGSRQWQRP	L8Y407_TUPCH/678-707	LPPNWKTARDPE-GKIYYYHVITRQTQWDPP	37.2	74.13035356462002	0.45161290322580644	0.8387096774193549	0.45161290322580644	0.8709677419354839	0.8387096774193549	86.32450592885375	1.01
seq429	MPKDWHAEKDGKTGAWYYVNIRDGTTQWQAP	C5GK31_AJEDR/10-39	-PVLWQEARNSD-GRVYYYNVQTKATQWTKP	37.1	66.11417119827001	0.5161290322580645	0.9032258064516129	0.5161290322580645	0.9032258064516129	0.8709677419354839	86.82934108527132	0.89
seq360	MVKPWHMAYDKGTGQYYYYNNEDDSSQWDKP	D0N878_PHYIT/370-399	--GEWKQYTSPD-GHPYYYNTLTKESRWEPP	37.1	60.73316319935	0.5483870967741935	0.9032258064516129	0.5161290322580645	0.9032258064516129	0.8064516129032258	86.54691449814126	1.07
seq389	MPDGWSRGQQHSDNRWYYYNEQNGTTQWEVP	B8C2S7_THAPS/11-40	---DWTAYQDDE-GRTYYYNNETEESSWDPP	37.0	65.96840848850002	0.4838709677419355	0.8387096774193549	0.45161290322580644	0.8709677419354839	0.8709677419354839	75.86926199261993	0.74
seq172	MPAGWTTETDPASGQRYYYNRTDGTAQWEEP	C5M534_CANTT/536-566	LPMNWTSAYDAGSGKYYYYHKVTQQSSWDRP	36.9	74.44220998688004	0.41935483870967744	0.8387096774193549	0.3870967741935484	0.8709677419354839	0.8387096774193549	88.0098015873016	1.26
seq232	MPLGWHEAFDPRHQKTYFFSRRTKERQWFPP	B8BRP2_THAPS/209-239	LFPGWERALDAASGRYYYANRATGETSWEPP	36.8	64.74810608109999	0.45161290322580644	0.8709677419354839	0.45161290322580644	0.9032258064516129	0.8709677419354839	85.07795053003532	1.18
seq74	MPDGWHVEIPRDTGQRYYVDLRNGRSTWEPP	D0NEX5_PHYIT/522-551	LPAGWEMRVTAS-GAVFFFNKYTTTTTWTDP	36.8	67.99025122379003	0.5483870967741935	0.8709677419354839	0.5161290322580645	0.8709677419354839	0.9032258064516129	76.70680608365019	0.83
seq206	MPLDWQQEVDSATGKTYYTNRATGQTQWQEP	B2W0G7_PYRTR/605-633	LPAGWFQASAEN-GSTYFYNSA-GTTQWQRP	36.8	73.44257541028001	0.41935483870967744	0.8709677419354839	0.41935483870967744	0.8709677419354839	0.8064516129032258	86.9543137254902	0.87
seq189	MPEGWRAAHDPASGYTYFLNRSDGQRSWQPP	B7G9D5_PHATC/326-356	--PGWTATVDPASGRTYYYHAATGETRWEPP	36.7	74.03157965118805	0.45161290322580644	0.8387096774193549	0.41935483870967744	0.8709677419354839	0.8064516129032258	83.02561264822134	1.12
seq25	MPPGWRTELDPDTQTLYYVNTTDGTRTWDAP	H2P1P9_PONAB/328-357	LPPGWEQRVDQH-GRVYYVDHVEKRTTWDRP	36.7	70.31276734585	0.45161290322580644	0.8709677419354839	0.45161290322580644	0.8709677419354839	0.8709677419354839	88.15972332015811	0.94
seq301	MPTDWYAATDSQTGQTYYYNPADGSTTWDSP	A8PGL3_COPC7/14-46	LPDGWITQYDPNYNTWFYVNTKAPQVTWEHP	36.7	72.0070125475	0.4838709677419355	0.8709677419354839	0.41935483870967744	0.8709677419354839	0.8064516129032258	88.52345528455285	0.98
seq318	MGPEWQAAKSSKNGYHYFFNTTTKESSWLPH	B8LCQ7_THAPS/125-155	LPTPWQQHMDPSSGKPYYYNPETSVTQWERP	36.6	62.90239724413997	0.5483870967741935	0.9354838709677419	0.5161290322580645	0.9354838709677419	0.8709677419354839	82.57871595330741	1.43
seq4	LPYGWRKLADSDNGKNYYKNANDGSSQWVKP	Q55DG0_DICDI/447-476	LPSGWVIRQDQS-GKQYYVDHNTKSAHWTLP	36.6	66.30948077756996	0.5161290322580645	0.8709677419354839	0.45161290322580644	0.8709677419354839	0.8064516129032258	82.10762845849804	0.79
seq368	MPKPWEMCYNKHNKEWYYYNHESGTSSWEMP	A9UYI2_MONBE/202-231	--PDWSTHRSDE-GLIYYYNHVTEESRWDKP	36.6	63.919496902400006	0.5483870967741935	0.8709677419354839	0.4838709677419355	0.8709677419354839	0.9032258064516129	84.19805054151625	1.09
seq125	LPAGWRKILDNRNGRTYYYSEVDRSTAWQHP	B8BVH4_THAPS/1170-1200	LPPGWICAWSKSQKRWYFFNTNTNKSVWE--	36.4	68.84262030033999	0.4838709677419355	0.8709677419354839	0.41935483870967744	0.9032258064516129	0.8387096774193549	80.6172932330827	0.79
seq406	TPPGWHFYWDPQRKRIYFIDRINGTTDWTKP	A7TPR7_VANPO/42-71	--NGWSIGKSKA-GKIYYYNTKTGESSWELP	36.3	63.68464395886904	0.5483870967741935	0.9032258064516129	0.4838709677419355	0.9032258064516129	0.8709677419354839	65.53719424460432	0.97
seq273	MPPNWQEYYDEASGVSYYYNGQAQVATWIHP	A7SUH7_NEMVE/40-70	-PPGWSCHWDRKYKQYFYTNLETKKSQWEFP	36.3	68.93055232866001	0.5161290322580645	0.8709677419354839	0.4838709677419355	0.8709677419354839	0.8709677419354839	87.0923076923077	0.96
seq21	LPPGWVHEIDARNGTRYYVNRTDGTRQWVPP	A4HX11_LEIIN/449-479	LPDGWEERTDPQTRRTFYVDHKSKTTTWERP	36.2	73.083684132322	0.4838709677419355	0.9032258064516129	0.45161290322580644	0.9032258064516129	0.8387096774193549	86.24602316602316	0.89
seq280	VPEGWEAAVDPATGRRYYINRHLNKKVYEAP	YNI8_SCHPO/9-41	LPNGWVAQWDERYKCYFYVNESDAKPQWECP	36.1	71.8245784319	0.45161290322580644	0.8387096774193549	0.45161290322580644	0.8709677419354839	0.8709677419354839	85.45541176470587	0.98
seq369	MPVGWQEVLSPATGQWYYYNAQDGTWQWLPP	YO61_CAEEL/80-109	--SDWSVHTNEK-GTPYYHNRVTKQTSWIKP	36.1	68.4964858727	0.3870967741935484	0.8387096774193549	0.3870967741935484	0.8709677419354839	0.8064516129032258	88.83528735632184	1.15
seq120	MPSTWEAYIDNKKGTVYFYQKDTRSTQWVDP	C4R200_KOMPG/8-38	LPRNWTIKISKTHQSEYFYNKETQESSWEPP	36.1	60.35447624752999	0.5161290322580645	0.8709677419354839	0.45161290322580644	0.8709677419354839	0.8064516129032258	85.13101886792452	0.84
seq336	MESDWFEAYDPDTGQWYYYNRTDATPQWQRP	C1N3L0_MICPC/172-201	--AEWQALDDGN-GRTYYYSPVTGVSQWEKP	36.0	64.97348544200102	0.5161290322580645	0.8709677419354839	0.45161290322580644	0.9032258064516129	0.8387096774193549	73.34723021582734	2.48
seq52	MPEPWEMRWDDDNNNRYYYNRTDNSAQWTPP	A0A7M7IFL8_APIME/233-262	LPTGWERIESPEYG-VYYVNHITRQAQYEHP	36.0	63.18669244540001	0.5161290322580645	0.9032258064516129	0.5161290322580645	0.9032258064516129	0.8709677419354839	81.94465949820788	1.06
seq194	MRNAWFKAVDPATGKTYFHNSKTNERSWQAP	B7G9D5_PHATC/626-656	LPNGWQELVDPSSGSTYYYNEVNGTTSWDRP	36.0	70.4813793553	0.5161290322580645	0.8709677419354839	0.45161290322580644	0.9032258064516129	0.8387096774193549	80.62727626459143	1.57
seq139	MPPPWESFVEGDTGKVYWYNAKDGSTQWKLP	K7KNL8_SOYBN/22-51	-PKPWRGLVDGKTGYLYFWNPETNVTQYERP	35.9	61.02184224330395	0.5483870967741935	0.8709677419354839	0.45161290322580644	0.9032258064516129	0.8387096774193549	83.7281640625	0.82
seq393	MPEEWEEYYDEEEGEWYYYNHEDGFTAWEVP	D0MZS2_PHYIT/55-85	--PKWLEFVDDESGATYYFDKMSGTSRWDKP	35.8	68.55836573250998	0.5161290322580645	0.8709677419354839	0.41935483870967744	0.8709677419354839	0.8387096774193549	83.26461538461538	1.39
seq85	MPRGWVEIVDDETGRIFYYNEDDHSFAWDHP	C4LWL0_ENTHI/7-36	LPPGWRIAYTTD-GKVYYLDDKNKTTHWHLP	35.8	66.62500026005996	0.5483870967741935	0.8387096774193549	0.5161290322580645	0.8709677419354839	0.8387096774193549	87.17081784386617	0.92
seq12	MPRGWRTILDNDTGASFYVNEFDGSRQWDAP	B7P310_IXOSC/14-43	LPAGWEERATLE-GSVYYADHGSQRTQWTHP	35.7	65.46480814540001	0.5161290322580645	0.8709677419354839	0.4838709677419355	0.9032258064516129	0.8387096774193549	83.96622047244094	0.83
seq268	MPEGWEAATDNENSDIYYYDHNSRERKWVEP	D0MZS2_PHYIT/233-263	--AAWQQHVDAQTQRYYYHNVVTGVTQWNKP	35.6	61.65421848888001	0.5483870967741935	0.9032258064516129	0.4838709677419355	0.9032258064516129	0.8709677419354839	79.91014925373133	0.91
seq320	LPEGWEMRVSSKTHELYHFNKETRESTWASC	A8XXM8_CAEBR/23-52	---GWVEQMSSS-GKLYYYQQKTEVSQWHPP	35.6	69.71790448583208	0.5161290322580645	0.8709677419354839	0.4838709677419355	0.9354838709677419	0.9354838709677419	82.62408396946566	1.47
seq418	LPKGWHGQFNKEKNAQFYVNEETGEVSWEPP	A2DFE8_TRIVA/41-70	----WREMKDEE-NRIYYFNTATQESQWTKP	35.6	72.03482885473004	0.4838709677419355	0.8709677419354839	0.45161290322580644	0.8709677419354839	0.9354838709677419	87.10590733590733	1.05
seq103	LPPQWQTAVDGDDGTSYYWNVRDNSRQWVRP	D0MWB8_PHYIT/700-729	LPDGWETRFTEK-GRPYFCNHSNRSTQWKHP	35.5	69.43373150320001	0.5161290322580645	0.8709677419354839	0.45161290322580644	0.8709677419354839	0.8709677419354839	80.01703422053232	0.99
seq295	MPKMWESYVDARSGSMYYYNRASGETSWKAP	A1C4Q7_ASPCL/14-44	VPEGWKAQYDDRYAQWFFVNLHTGKSQWDRP	35.5	72.73070438999999	0.45161290322580644	0.8709677419354839	0.41935483870967744	0.9032258064516129	0.8387096774193549	84.55941176470589	0.84
seq223	MLLVYRPATDPVTGRTYYYNTQTGERTWEFP	H3D9N0_TETNG/8-36	LPPGWREISDSS--EVYFWHVPTGTTQYHRP	35.4	70.4574685061	0.4838709677419355	0.9032258064516129	0.45161290322580644	0.9032258064516129	0.8709677419354839	80.92874524714827	1.25
seq230	MVGEWRTSVDPATGRTYFHNREDSSTRWERP	A4SA16_OSTLU/250-280	LPPGWRAFVDDESGRVYFGNFDTKRTTWERP	35.4	65.99060536825999	0.5161290322580645	0.8709677419354839	0.4838709677419355	0.9032258064516129	0.8387096774193549	79.77198473282444	1.73
seq121	MPSTWETIIDPDSGRVYFINNKDHSTHWLTP	Q6CEL8_YARLI/9-39	--SGWEVRHSRTRNLPYYFHPATSNSSWEPP	35.3	62.52070729509998	0.5483870967741935	0.8387096774193549	0.4838709677419355	0.8709677419354839	0.8387096774193549	82.65313953488373	0.92
seq119	MPSGWESIIDNKNGTVYYYDPDKRSTQWVEP	Q59KZ2_CANAL/8-38	LPPNWTIRVSRSHNKEYFLNQSTNESSWDPP	35.2	64.55265640668004	0.5483870967741935	0.9032258064516129	0.4838709677419355	0.9354838709677419	0.8064516129032258	83.18081081081081	0.77
seq276	MDADWEAAVDTESGRMFYYHRGTREKCWEAP	A3LYQ4_PICST/41-71	LPEGWIAQWDDEYNHYFFVNTVTGESQWEIP	35.2	65.4988252065	0.5161290322580645	0.9032258064516129	0.4838709677419355	0.9032258064516129	0.9032258064516129	81.27413127413128	1.16
seq265	MPSHWEEAQDEESGKPYFVHRGTSERRWDRP	D2V146_NAEGR/406-436	LEDGWTAYFDSGRQAYYYHHEQTGKTTWKKP	35.1	69.75368253601799	0.45161290322580644	0.8709677419354839	0.45161290322580644	0.9032258064516129	0.8709677419354839	84.21111940298508	0.99
seq34	MPFGWREARSRFTGTVYYINRTDGATAWDPP	A9V724_MONBE/40-69	LPHGWDCRVAPD-GHVFYVDHVNKVTQWSPP	35.1	66.15824842999999	0.5161290322580645	0.8387096774193549	0.4838709677419355	0.8709677419354839	0.8387096774193549	84.07781250000001	1.3
seq426	IPADWEEKFDRNTHCWYYYNPSNGSHTWSHP	PR40C_ARATH/297-326	--TDWALVSTND-GKKYYYNNKTKVSSWQIP	35.1	62.438774423670026	0.5806451612903226	0.8387096774193549	0.5161290322580645	0.8709677419354839	0.8709677419354839	82.02047619047617	1.09
seq357	MPKGWVKEYDKKAKRFYFFNAKDGKAQWERV	Q5KEX2_CRYNJ/46-74	---QW-KQYASN-NRPYYVNTVTKETKWDLP	35.0	63.600594978700045	0.5483870967741935	0.8709677419354839	0.5161290322580645	0.9032258064516129	0.8387096774193549	82.20758241758242	1.22
seq203	MRKAWRKEVDPATGKSYFYDSTTGASSWQDP	A5DE17_PICGU/466-496	LPEGWNMTIDPNTQKPYYYHMQLGISRWDRP	35.0	65.97507993398997	0.5483870967741935	0.8709677419354839	0.5161290322580645	0.9032258064516129	0.8709677419354839	80.67306772908367	1.4
seq30	MPEGWATERDPDNDTWYYVNRFDGTVQWIPP	F6UTM5_XENTR/207-236	-PPGWEEKVDNL-GRTYYVNHNNKTTQWQRP	34.9	66.59563634715	0.4838709677419355	0.9032258064516129	0.4838709677419355	0.9032258064516129	0.8709677419354839	83.98665413533834	0.84
seq364	MPKDWLACWDKDTQRWFFYKPTDGSSQWVPP	Q6AWW6_ARATH/403-432	--CDWSEHTCPN-GNKYYFHCITCESTWEKP	34.9	63.402562833300024	0.5161290322580645	0.9032258064516129	0.5161290322580645	0.9354838709677419	0.8387096774193549	85.80107407407408	1.14
seq61	MPVGWREELDRDNGERYYVDRELGSTQWIPP	A4I5E0_LEIIN/482-511	LPPSWEEHFTND-GRRYFIDTSTQTTTWKDP	34.9	64.75413465788996	0.5161290322580645	0.9354838709677419	0.4838709677419355	0.9354838709677419	0.8709677419354839	86.23860377358491	0.72
seq18	VPEGWETILDRGNGTLYYHNKIDGTRQFDPP	B4MVK8_DROWI/500-529	LPDGWEKKVQSD-NRVYFVNHKNRTTQWEDP	34.9	65.50261258105998	0.4838709677419355	0.9032258064516129	0.4838709677419355	0.9032258064516129	0.9032258064516129	85.6870472440945	0.91
seq170	MPLGWVRATDAASGKTYFWNPSVGSTQWQFP	B7G6B9_PHATC/85-115	-PHSWKPAIDPQSGRTYYYDAVSRKSQWEKP	34.9	71.18578479771007	0.45161290322580644	0.8709677419354839	0.41935483870967744	0.8709677419354839	0.8064516129032258	86.34368421052633	0.96
seq141	MPSGWWQYVSPATGQTYFYNMEENTCQWEAP	D0NB78_PHYIT/3-32	LPAPWLSYKTKD-GKEYYYNPETKVTTWTKP	34.8	67.86164023253004	0.4838709677419355	0.8709677419354839	0.45161290322580644	0.8709677419354839	0.8064516129032258	86.92823076923077	0.71
seq375	MPWPWHVMHNKASNRYFFYDTTERTSQWEPP	TCRG1_MOUSE/133-162	----WVENKTPD-GKVYYYNARTRESAWTKP	34.8	56.73017595501	0.5806451612903226	0.9032258064516129	0.5161290322580645	0.9032258064516129	0.9032258064516129	83.70939068100358	1.04
seq42	MPHPWETIFDKDTGCYYYFNRQDWTTCWVPP	YAP1_DROME/312-341	LPDGWEQAVTES-GDLYFINHIDRTTSWNDP	34.8	60.2384583007	0.5161290322580645	0.8387096774193549	0.5161290322580645	0.8709677419354839	0.8387096774193549	84.21825454545456	1.11
seq362	MPVDWMQEQDDTTNRWYFYNNDDGTSQWVKP	A7UUW9_ANOGA/234-263	----WSEHTAPD-GRMFYYNASKGESVWEKP	34.8	61.05165333409004	0.5483870967741935	0.9032258064516129	0.5161290322580645	0.9032258064516129	0.8064516129032258	83.3289705882353	0.86
seq300	MDTDWYEAIDPQTGQHYYYNATTGSTTFESP	G4TJL1_SERID/21-53	LPDGWITQWDPNYKAWFYVNTREPRSVWVHP	34.7	67.10290024012204	0.5161290322580645	0.9032258064516129	0.45161290322580644	0.9032258064516129	0.8709677419354839	84.0007509881423	1.11
seq110	MPMGWITVLDAKTGQYYFYNRDDGSVQWQAP	B0DLC8_LACBS/207-237	LPSEWEVRHPRSGGGVYYYNSETHQSTWTRP	34.7	66.30710144899004	0.5161290322580645	0.8709677419354839	0.4838709677419355	0.8709677419354839	0.7741935483870968	88.07585937500001	0.99
seq288	MPRMWIERTSEDGGVKYFVNGNTGQTTWKSP	WWM1_YEAST/11-41	VPSGWKAVFDDEYQTWYYVDLSTNSSQWEPP	34.6	63.90497749385	0.5483870967741935	0.9032258064516129	0.5161290322580645	0.9032258064516129	0.8709677419354839	80.14516	0.94
seq131	MPKGWEQVYDSESGRFLFINKDDGLTQWQRP	A2EJU2_TRIVA/52-83	LPAGWKIYRKDGTGDPFYFNSRTGESLWDHP	34.6	66.92573093120002	0.5161290322580645	0.8709677419354839	0.45161290322580644	0.8709677419354839	0.8064516129032258	85.31209125475284	1.01
seq374	MPWPWHAEWSADQNRYYYYNTQDSTSQWETP	Q16P84_AEDAE/98-127	---LWVETKTAE-GKSYYYHALTRETTWTRP	34.5	67.47905589650601	0.4838709677419355	0.9032258064516129	0.4838709677419355	0.9032258064516129	0.8709677419354839	83.82592857142858	1.28
seq394	MPPDWHEEWDTEIGMWYYYNEKDDTCQWDPP	D0NCD8_PHYIT/120-150	---KWVEYKDEASGAFYYFNKITKETVWDQP	34.5	65.53290976109001	0.5161290322580645	0.8387096774193549	0.4838709677419355	0.9032258064516129	0.8709677419354839	83.95403571428572	0.94
seq147	MPDGWNAIPDANTGRRIYWNTDNGTTSWTPP	A4HXJ1_LEIIN/66-95	LPDGWRACQTDD-NEVYYFNFQTGESLWDHP	34.4	70.04548111662004	0.5161290322580645	0.8387096774193549	0.45161290322580644	0.9032258064516129	0.8387096774193549	82.33578947368419	0.87
seq401	MPEPWHSEWSATHNRWYFYNDLENTVQWDRP	B8C0D5_THAPS/1512-1542	---RWRSAVDPLTGRTYYYHKDTKETVWEKP	34.2	66.14793539413002	0.5483870967741935	0.8709677419354839	0.5483870967741935	0.9032258064516129	0.8709677419354839	83.6644014084507	1.01
seq73	MPTKWIAELDPDNGTRFYVDITNGSTQWQPP	A9UU68_MONBE/156-185	LPAGWEIRSTTD-GRRYFVDHNTRSTTFRDP	34.1	64.11429484880999	0.5161290322580645	0.9032258064516129	0.5161290322580645	0.9032258064516129	0.9032258064516129	86.13396825396826	1.06
seq323	MGPPWGAAKSSKPGYYYFYNTKTKEATWTHH	B8CGL8_THAPS/860-890	LPEPWIELLRSSSGQRYYDNPSTNVTQWDRP	34.0	62.25557937461999	0.5161290322580645	0.9354838709677419	0.5161290322580645	0.9354838709677419	0.8709677419354839	78.46308593750001	1.09
seq93	MPPGWAEIVDQGTGRRYWYNRFDGSFQWQPP	B3SBN3_TRIAD/24-53	LLPGWEKSKTST-GRTFYVDHNTQTTQWEHP	33.9	68.32634202771004	0.5161290322580645	0.8387096774193549	0.45161290322580644	0.8709677419354839	0.8064516129032258	87.1598120300752	0.82
seq421	MPPGWDKVWSEEWDNYFYYNESDKQSCWVHP	Q5KNJ6_CRYNJ/76-106	---WWELASTRN-NRSYYYNTLTGKTQWTRP	33.9	64.27301377190003	0.41935483870967744	0.8709677419354839	0.41935483870967744	0.9032258064516129	0.8709677419354839	82.64345323741007	0.93
seq219	MPPGWETSMDPQSGRYYHYNRKTKKWQWQQP	C7YJG7_FUSV7/474-503	LPVGWEERRTPD-GRTFYFNRKMGSSSWTKP	33.8	69.91218397984625	0.4838709677419355	0.8387096774193549	0.45161290322580644	0.8387096774193549	0.8387096774193549	84.82778985507247	0.84
seq68	MPPGWNHCQDADTGRRYYYNGTNGSFQWEPP	B7Q8Q0_IXOSC/494-523	LPSGWSLQVAPN-GRLFFIDHNTKTTTWE--	33.8	68.91618139280001	0.4838709677419355	0.8387096774193549	0.3870967741935484	0.8709677419354839	0.8387096774193549	85.84976653696498	1.01
seq333	MTEPWDAEFDQQIGRWYYYDRDSGVTQWNHP	D0NK14_PHYIT/424-453	--GGWEEVVDSE-GQTYYYHEVDGITQWDPP	33.8	65.71928238636002	0.4838709677419355	0.8709677419354839	0.4838709677419355	0.8709677419354839	0.8709677419354839	84.54235507246378	1.08
seq77	LPKGWYEELSNDNGTRYFVNETNGSTTWQPP	BAG3_HUMAN/22-52	LPPGWEIKIDPQTGWPFFVDHNSRTTTWNDP	33.7	68.37566041024003	0.5161290322580645	0.8709677419354839	0.45161290322580644	0.8709677419354839	0.8709677419354839	83.77788235294118	1.01
seq378	LPDDWHEVFDKVIQCCYYYDNTNNTTHWTPP	Q4D3V5_TRYCC/641-671	--AEWRAVTDPNSGRTYYVHRKTKATTWK--	33.7	61.20133213287002	0.5483870967741935	0.8709677419354839	0.4838709677419355	0.9032258064516129	0.8709677419354839	83.07345724907064	1.02
seq99	LPPGWRTILDGEFGTRYYYNRGDQSSRWELP	A7T3M8_NEMVE/8-37	LPEGWERSETTS-GIPYYINHETEKTQWDHP	33.7	69.9858027355	0.5161290322580645	0.8064516129032258	0.45161290322580644	0.8387096774193549	0.8387096774193549	72.42483018867925	0.83
seq47	WPVGWQSAATAD-GKQYYYNTETGEVVWSNP	PKHA7_MOUSE/55-84	LPRGWEEGFTEE-GASFFIDHNQQTTTFRHP	33.6	74.26930804305005	0.45161290322580644	0.8387096774193549	0.3870967741935484	0.8709677419354839	0.8387096774193549	86.83871900826445	0.89
seq398	MPHPWQSCYSKDTGLWYYYNDQDGTNQWTRP	A8XF20_CAEBR/1388-1417	----WATAKDPD-GQTYYYNKVTKETQWHLP	33.6	60.74205445538394	0.41935483870967744	0.8709677419354839	0.41935483870967744	0.9032258064516129	0.8064516129032258	85.41428044280443	1.09
seq330	MSEGWESKWNEDTEQTFYINRQDGTTVWDPP	D0MUK0_PHYIT/183-212	--DEWVPCETED-GLIYYYNQRTQESQWTIP	33.5	61.51421178249393	0.5806451612903226	0.9032258064516129	0.5161290322580645	0.9032258064516129	0.8709677419354839	85.5092803030303	1.15
seq249	LPSSWERMIHRITGKTYYLNHEDGSIQWEDP	Q7QDP3_ANOGA/170-199	---MWVEAETDE-GFPYYWNVKTGESIWETP	33.5	67.78858839578	0.4838709677419355	0.9032258064516129	0.45161290322580644	0.9032258064516129	0.8709677419354839	86.81245283018868	0.91
seq95	MPPPWRAVEDAENGNLFYHNLEDGSSSWAPP	C3YXT6_BRAFL/1131-1160	----WERAVAAN-KVPYYINHTTETTSWDHP	33.5	66.12681267773002	0.5806451612903226	0.8709677419354839	0.5161290322580645	0.9032258064516129	0.8387096774193549	83.79300813008129	0.95
seq118	IPSTWEKRIDAKSGTIYYYDPQKRSTTWIEP	A3LXA7_PICST/8-38	LPPGWAIKLSRTHKTEYYLNQTTNESSWVPP	33.4	66.16893040491998	0.4838709677419355	0.8709677419354839	0.45161290322580644	0.9032258064516129	0.8709677419354839	84.02435606060607	1.0
seq11	MPLGWRMIVDRQNGHLYYYNGWDGSTQWQPP	B0WD64_CULQU/73-102	LPAGWEERHTQA-GRVYYVNHVTKTTQWNAP	33.4	63.54318745628998	0.5161290322580645	0.8709677419354839	0.4838709677419355	0.8709677419354839	0.8064516129032258	83.53624060150376	0.95
seq321	YAEPWEMRNSSKTHLPYFFNSGTRESTWESP	F6Z247_MOUSE/51-80	--DDWSEHISSS-GKKYYYNCRTEVSQWEKP	33.4	71.19714720574002	0.5483870967741935	0.9032258064516129	0.45161290322580644	0.9032258064516129	0.9032258064516129	79.76174242424243	2.14
seq113	MPKGWTTMLDPTTGRRFFINRFAKSVQWLAP	B3RP35_TRIAD/7-37	LPEGWITRESRSTGKIYYYNTLTNQSQWEPP	33.3	67.97056386729001	0.5806451612903226	0.8709677419354839	0.4838709677419355	0.8709677419354839	0.8387096774193549	83.97252918287937	0.74
seq63	LPVGWREELDKDNGKRYFVNPSEGSAQWIPP	B3RKJ6_TRIAD/7-37	LPPGWEAKFDRNTGKYFFIDHSTKTTSWQDP	33.2	67.088652479	0.5161290322580645	0.8709677419354839	0.4838709677419355	0.8709677419354839	0.8387096774193549	82.90358267716536	0.94
seq5	LPAGWRKIHDSQNGTYYYVSDFDNSSQWLQP	D3BU61_POLPP/329-358	LPANWEKRVAPD-GSIYYVDHATKTSHWSLP	33.1	64.17787175219998	0.5483870967741935	0.9032258064516129	0.45161290322580644	0.9032258064516129	0.8387096774193549	85.21333333333334	0.8
seq29	MPDGWEIQLDPKTDKRYYFNRDDSTRTWQRP	H3C5U3_TETNG/399-428	LPPGWEEKRDSK-GRRFYINHHTRITSWSRP	33.0	67.88784556360999	0.4838709677419355	0.8709677419354839	0.41935483870967744	0.8709677419354839	0.8709677419354839	83.50927536231883	1.26
seq215	MSPEWERVHDPKKNIFYFYDRKTGKKTWDDP	B7G255_PHATC/877-907	LPSGWMELHDPNSRLPYYANQATGETTWDRP	33.0	60.22768809518199	0.5806451612903226	0.8709677419354839	0.5483870967741935	0.9354838709677419	0.8709677419354839	82.10252707581228	1.11
seq372	MPDPWARGLDKDSGQPYFFNVTDSTAQWHHP	A8JIB8_CHLRE/136-166	-PNGWVQYRTRDTGEPYFHNHRTNETVWDRP	32.9	59.19913737658001	0.5806451612903226	0.8709677419354839	0.5161290322580645	0.8709677419354839	0.8064516129032258	81.84647058823529	0.89
seq154	MPPGWREAVSDVNRRRYFWNEVDGSRQWDFP	D2VKT8_NAEGR/301-331	LEDGWEATIDPSTGRTYYFHRQTQKSSWDRP	32.9	62.56603697111003	0.5806451612903226	0.8709677419354839	0.5161290322580645	0.8709677419354839	0.8064516129032258	84.59699633699634	1.09
seq98	MPPGWRTIVDGSTGTCYYYHPNDHKSQLKRP	A2BEG3_DANRE/294-323	LPDGWIMTFHNS-GIPVYLHRETRVVTWSRP	32.9	63.14333648048996	0.5161290322580645	0.9032258064516129	0.4838709677419355	0.9032258064516129	0.8387096774193549	81.50177865612649	1.13
seq198	MREAWRAERDPATGKTYFYNPTTDVRSWQDP	B7G9D5_PHATC/740-770	LPEGWVELVHESSGKTYYFHAEDNVTSWEQP	32.9	66.05843501684997	0.5161290322580645	0.9032258064516129	0.4838709677419355	0.9032258064516129	0.8387096774193549	79.28261363636364	1.37
seq122	MPESWRTISDKENGHVYFINNKDHTTQWLTP	B2WH55_PYRTR/17-47	--TGWEVRRSNTKNLPYYFHAQTKDSRWEPP	32.8	57.98906640146998	0.5161290322580645	0.8709677419354839	0.5161290322580645	0.8709677419354839	0.8387096774193549	75.13125000000001	0.85
seq255	MPQGWQAQYDQETWQYYYHNRATGEVRWLEP	D0N852_PHYIT/38-68	----WVRKWDDTNNQLYYFNLRTQENTWEAP	32.8	70.62263403321	0.4838709677419355	0.8709677419354839	0.4838709677419355	0.8709677419354839	0.8709677419354839	83.05021505376345	1.06
seq342	LPEGWHECYDKAKRRFFYCKDKDGTSQWVPH	A0A384LJX0_PLAKH/100-129	----WQKHVTSD-GHPYYYNSVTGHSQWEKP	32.8	61.131192512240005	0.5806451612903226	0.9354838709677419	0.5161290322580645	0.9354838709677419	0.9354838709677419	65.87833333333334	2.26
seq35	MPFGWREELDRYTGQYYYINLSDFAVQWDPP	DWWA_DICDI/521-550	LPNGWEVRQDQF-GRVFYVDHINRATTWTRP	32.8	66.77073875469	0.5161290322580645	0.8709677419354839	0.45161290322580644	0.9032258064516129	0.8709677419354839	87.43051094890511	0.91
seq366	MPKDWTACWNKASNRLFYYNNFDGTEQWVDP	A8XCQ4_CAEBR/221-250	--EAWSEFSAPD-GRKYYYNSITQENTWEKP	32.7	55.23420419481903	0.5483870967741935	0.9032258064516129	0.5161290322580645	0.9032258064516129	0.9032258064516129	85.634552238806	1.02
seq335	MPLGWFAAQDPVSGQWWFYNPTTATPQWQRP	A4S9R3_OSTLU/216-245	---PWRALDDGK-GNVYYYNALTGVSQWEKP	32.7	64.67649536327002	0.45161290322580644	0.8387096774193549	0.45161290322580644	0.8709677419354839	0.8387096774193549	84.14302681992336	0.78
seq254	MPAGWEYHYDKGRWQYYYYNTDTGSSQWTRP	D0P393_PHYIT/437-467	--GDWIQCWDNVSGQAFYYNNLTGKCQWEAP	32.7	70.14846795379003	0.4838709677419355	0.8709677419354839	0.41935483870967744	0.8709677419354839	0.8064516129032258	86.71906474820145	1.11
seq263	MPLDWDKLTDAVTGATYYYNKNTSQRQWSAP	Q012B2_OSTTA/55-85	LPTGWKQKMDETHKRVYYYNKALNKTQWERP	32.7	65.5376690292	0.45161290322580644	0.8709677419354839	0.45161290322580644	0.8709677419354839	0.8387096774193549	88.36419607843138	1.04
seq283	MPEDWETHVDANTKREYFRNRLNGDSCWENP	B6QFQ0_TALMQ/43-73	LPRPWIAQWDERERAYFYINQETGQRSWELP	32.6	64.38400070624	0.5161290322580645	0.8709677419354839	0.4838709677419355	0.8709677419354839	0.8387096774193549	85.74595505617978	1.32
seq377	LDSGWTEEFDPVIQRTYYYDPTNNTTHWTIP	Q4D3V5_TRYCC/593-623	--AGWKSVRDPASGKSYYVHIATKKTTW---	32.6	66.76366891935	0.45161290322580644	0.8709677419354839	0.45161290322580644	0.9032258064516129	0.9032258064516129	83.62977528089887	1.22
seq354	PEPGWVKEYDAENQRWFFFHATEQTTQWDTP	D2A466_TRICA/92-121	--CPWKEYVADN-GKVYYHNVNTKESRWVMP	32.5	62.166646854111036	0.5806451612903226	0.9032258064516129	0.5161290322580645	0.9354838709677419	0.9032258064516129	80.35047445255474	1.11
seq385	MPAPWQFKQSADTGKLYFWNMNVGATQWTHP	D0NC03_PHYIT/198-227	---NWRAALDNR-GKLYYWNMTTRYSVWDQP	32.5	61.52106556499	0.5806451612903226	0.8709677419354839	0.4838709677419355	0.8709677419354839	0.8709677419354839	82.60887159533074	1.41
seq324	MGPPWSAKKSSKTGYTYFYNAKTREASWGHH	B8CGM9_THAPS/247-277	LPEPLEEHLDSSSGFSYYHNPMTNVTQWENP	32.4	58.41268273973301	0.5806451612903226	0.9032258064516129	0.5161290322580645	0.9354838709677419	0.9032258064516129	78.98806324110672	1.18
seq58	WPPGWEMHTDLDNGTRYYVNRTDWATQWVRP	Q9VFD3_DROME/216-245	-SYGWERAIDSK-GRSYYINHLNKTTTYEAP	32.4	68.588401230588	0.4838709677419355	0.8709677419354839	0.45161290322580644	0.8709677419354839	0.8709677419354839	83.12604395604396	0.86
seq234	MSEGWHVASHMNTNRPYYFNRDTGERTWKKS	D0N3C9_PHYIT/1336-1366	--GDWEKGFDPISNHYFWFNHNTGESSWTPP	32.4	58.95664822498002	0.5806451612903226	0.9032258064516129	0.4838709677419355	0.9354838709677419	0.9032258064516129	76.18184210526317	0.85
seq365	MPKDWHACYAKAHDRWFYYSKTSGTSQWHPP	D0NCQ3_PHYIT/17-46	--SQWSEHNAPN-GRKYYYNAVTGESTWERP	32.3	60.48717351027001	0.5806451612903226	0.8709677419354839	0.5161290322580645	0.9032258064516129	0.9032258064516129	84.07671641791043	1.07
seq16	MLLGWRTEVDRESGTRYFVNHIDKSRQWIPP	C7ZJC4_FUSV7/30-59	LPDGWEARATSD-GRAYYVNHNTKTTSWDDP	32.3	58.60741041245	0.5483870967741935	0.8709677419354839	0.5161290322580645	0.8709677419354839	0.8387096774193549	81.62273408239702	0.88
seq246	MPQGWEEMYDPQSKKTFYYNPKNKSWSWGDP	D0NB34_PHYIT/109-138	----WIESFTED-GYPFYYNTNTGESSWYKP	32.2	67.19460593255997	0.5161290322580645	0.8709677419354839	0.45161290322580644	0.9032258064516129	0.8709677419354839	81.72888888888889	1.21
seq332	MPEGWEEERAPGTNKWYYRNRLTNQVQWGLA	D0NXE9_PHYIT/277-306	-RDAWTETWDND-GNKFFYNSITGASQWEVP	32.1	64.55770113402998	0.5161290322580645	0.9032258064516129	0.4838709677419355	0.9032258064516129	0.9032258064516129	80.54846441947565	1.21
seq151	MPKGWEMQKDPSNGTRYWLNTIDGKASWQRP	B7P590_IXOSC/55-84	LPPPWYPVEDSQ-GRIYYYNSVTKETKWEHP	32.0	61.32564678759002	0.5483870967741935	0.8709677419354839	0.41935483870967744	0.9032258064516129	0.8387096774193549	84.08786821705425	1.36
seq133	LPKGWETHISSSYGSKFYINHDDRTRNWQNP	F1SC59_PIG/45-75	-HAGWEKCWSRRENRPYYFNRFTNQSLWEMP	32.0	64.46479674352098	0.5161290322580645	0.9032258064516129	0.45161290322580644	0.8709677419354839	0.9032258064516129	73.02083018867924	0.77
seq138	MPEPWVEFKEPASGRHYYRNEADRSRRWEAP	B7FUY3_PHATC/195-224	LPHPWRRNITLK-GTFYYWNPETMLSSWERP	32.0	65.41901797945953	0.5161290322580645	0.8387096774193549	0.4838709677419355	0.9032258064516129	0.8387096774193549	83.42444852941176	0.82
seq344	LPKDWQKHQNPAAGQWYYANPTDKTSKWVDP	C1EER4_MICCC/523-552	--PLWETHKSPE-GYTYYYNTTTGETTWDQP	31.9	60.13865284399999	0.5161290322580645	0.8387096774193549	0.5161290322580645	0.8709677419354839	0.9354838709677419	78.87329501915708	0.87
seq384	VPAGFHESYDKEHGCWFFYNNTEGKCHWTPP	Q4D3V5_TRYCC/695-725	---EWAERKDPSTGKVYYYNKKTKKTTWKR-	31.8	55.968716831340004	0.5806451612903226	0.9032258064516129	0.5483870967741935	0.9032258064516129	0.9032258064516129	69.46394636015327	1.35
seq36	MPFWWSEEISRETGTTFFYNRRDRSTQWDLP	DWWA_DICDI/327-357	LPDGWESRIDPVSGKVFYLNHNNKTTSWIS-	31.8	59.34170653107994	0.5806451612903226	0.8709677419354839	0.5161290322580645	0.8709677419354839	0.8709677419354839	84.13164874551973	1.27
seq7	MPEGWRTETDRQTGTVYYVNRPDGSRQWQQP	D2V5D1_NAEGR/554-584	LPYGWEERVDPGSGRAYYLNHTTKSTQWERP	31.7	67.20014345403101	0.5161290322580645	0.9032258064516129	0.45161290322580644	0.9032258064516129	0.8387096774193549	85.47490494296578	0.84
seq425	MPVGWDKRVDSQEGQKYYSNHNDQSFTWDKP	A7RZN2_NEMVE/266-295	----WCVVWTGT-GKAFFFNPATRLSVWEKP	31.7	63.269629595069944	0.5161290322580645	0.8709677419354839	0.45161290322580644	0.8709677419354839	0.8387096774193549	75.90253787878787	0.78
seq436	MPKDWNVVKCRGTGRTMYYNAATKETRWDPP	A3FQM3_CRYPI/686-715	----WKEYFTSD-GKPYYHNELTQVTQWEVP	31.7	68.51433016241997	0.5161290322580645	0.8387096774193549	0.41935483870967744	0.8709677419354839	0.8709677419354839	86.3325390625	0.88
seq105	MPAGWQTIDDPRTGRAYFVNRFDGSRSWQRA	B3SD62_TRIAD/17-46	LPLGWKALTLEN-GRVYYVNYVTRKSQWYPP	31.6	64.71006412030002	0.5806451612903226	0.8709677419354839	0.4838709677419355	0.9032258064516129	0.8387096774193549	78.80610894941636	0.83
seq382	VPDGWHELWDQDRSTYFFYNTVEDTVHWTPP	D0MU08_PHYIT/49-79	--AEWEELWDPKNERAYYFNRTTRKTQWQRP	31.6	61.147885495300045	0.5806451612903226	0.9032258064516129	0.5483870967741935	0.9032258064516129	0.9032258064516129	87.01080291970803	0.89
seq26	MPPGWTLELDPDAQTFYYVNTQDGTRTWQYP	L5JPL4_PTEAL/645-674	--EDWEARIDSH-GRVFYVDHVNRTTTWQRP	31.4	67.4123022867	0.5161290322580645	0.8709677419354839	0.4838709677419355	0.8709677419354839	0.8387096774193549	81.06681992337165	1.14
seq214	MIPTWEKVHDPVNNIVYFYNTKMKRTSWDDP	C7YJG7_FUSV7/507-536	LPDGWKELRTPD-QVPFYINENLGLSTWDRP	31.3	60.974297541770014	0.5806451612903226	0.8709677419354839	0.5161290322580645	0.9032258064516129	0.8709677419354839	79.62951672862454	1.69
seq387	MPDDWSRGQSHNDNRWYYYNHQNNTAQWETP	D0N458_PHYIT/343-373	----WQGYLDEASGQLYYYNTKTGECSWEPP	31.2	57.4238456245	0.5483870967741935	0.8709677419354839	0.4838709677419355	0.8709677419354839	0.9354838709677419	84.74747292418772	0.78
seq345	IPKDWTEAYNKTANAWYYYNTTDGTSQWVSP	H9JM64_BOMMO/99-128	---IWHEVKNQD-GSSYYWNTITSETTWEQP	31.2	64.29795827656	0.5483870967741935	0.9032258064516129	0.4838709677419355	0.9032258064516129	0.9354838709677419	87.63521072796935	1.18
seq413	MPHPWDACYSKTLDRYYYYNSVDSTSQWVQP	C5DLP5_LACTC/6-35	-PRYWREYKTPD-GTKYYYNVNTKRSTTDKP	31.1	61.904337766099964	0.5161290322580645	0.9032258064516129	0.5161290322580645	0.9032258064516129	0.8709677419354839	86.99440298507463	1.04
seq404	TPKGWAFFWDKQSGLPYFYSLSAKTTQWMKP	C5E3W0_ZYGRC/44-73	--HGWKSSKTSD-GKLYYYNAQTKTSRWELP	31.1	59.67181064013002	0.5483870967741935	0.8387096774193549	0.4838709677419355	0.9032258064516129	0.8709677419354839	84.46539923954371	1.0
seq107	MPDNWTQVLDKKTGNRFFIDRFTGSRQWQPP	C4WY86_ACYPI/7-37	LPTGWEKRVSRSTGQTYYLNLLTKESQWSVP	31.1	63.51750972742002	0.5806451612903226	0.8709677419354839	0.4838709677419355	0.9032258064516129	0.8709677419354839	85.36766917293234	1.2
seq27	MPPGWKTEMSPDNQTAFYVNRTDGTRQWQVP	W5PJ50_SHEEP/330-359	LPPGWERRVDNM-GRIYYVDHFTRTTTWQRP	31.0	64.44006671658002	0.5483870967741935	0.9032258064516129	0.5161290322580645	0.9032258064516129	0.9032258064516129	80.92156862745098	1.01
seq231	VAEGWEACTCEETGKVYYKNQSTSERGWDEP	RHG27_HUMAN/301-331	LETEWGQYWDEESRRVFFYNPLTGETAWED-	31.0	65.81694349826996	0.5161290322580645	0.8709677419354839	0.45161290322580644	0.8709677419354839	0.9032258064516129	84.41403225806452	0.88
seq240	MFEGWTTAKDEATGQEFFYNIRTSTSDWRPP	A7SWW0_NEMVE/76-106	LPPNWYFIPDPAGGRHYYWNTSTNQVSWLHP	30.9	64.90864593133999	0.5483870967741935	0.9032258064516129	0.5161290322580645	0.9032258064516129	0.8387096774193549	82.64868725868725	1.27
seq303	LSDGWDAAVDEQSGQQYFYNPKSGAVSWESA	F4RM71_MELLP/62-95	LPPGWVKQWSEEHHRYFYVDSNAPQSHWVHP	30.8	70.96799011460006	0.5161290322580645	0.8709677419354839	0.45161290322580644	0.8709677419354839	0.8387096774193549	85.10616666666667	1.08
seq353	PPAGWQEAYDAERQQWYFFNATDQTARWDTV	A7SZQ3_NEMVE/38-67	---PWKEHKADS-GRVYYHNTETKESIWTEP	30.8	57.233974685980044	0.5806451612903226	0.9032258064516129	0.4838709677419355	0.9354838709677419	0.8709677419354839	69.6754307116105	1.9
seq75	MPKGWRTELDYYDGRRYYVNRKNRTTTWQPP	A7SLN5_NEMVE/123-152	LPPGWEMRTSPT-GQPYFMNHYEQITTWQDP	30.8	67.88877496914999	0.4838709677419355	0.8387096774193549	0.41935483870967744	0.8709677419354839	0.8387096774193549	81.69767025089607	0.7
seq229	MPLGWRKDQDQTTGRTYFFNANDNTRKWSPP	C1E321_MICCC/524-554	LPADWRAFYDATSGEVYYGNATTGETSWDRP	30.8	61.84813726180002	0.5161290322580645	0.8387096774193549	0.5161290322580645	0.8709677419354839	0.8064516129032258	84.24669201520912	0.96
seq143	LPKGWRAIVDAASGQRYFGNLIDGTVQWQAP	B3RRG4_TRIAD/807-836	LPPDWRAAIDQQ-GRIYYYNIHTRVSQWQQP	30.7	72.83007049825004	0.4838709677419355	0.8387096774193549	0.45161290322580644	0.8709677419354839	0.8387096774193549	87.6742561983471	0.91
seq116	LALGWEASWDDKSSRWYFYNPKDRSVHSLEA	B3RKR0_TRIAD/800-830	--DPWVVRISNTHNRYYFFNTANNSSQYDLP	30.7	50.140597040359005	0.6129032258064516	0.9354838709677419	0.4838709677419355	0.9354838709677419	0.967741935483871	74.22026515151515	1.84
seq153	MGSGWEEIVEPATGSQYFYNTSDGSRQWNAP	A9UP18_MONBE/34-64	LPDGWHAVIEVQTNDVYFWNIHTDETQWKVP	30.5	63.632682849520044	0.5161290322580645	0.8709677419354839	0.4838709677419355	0.8709677419354839	0.8387096774193549	85.73860655737705	1.0
seq363	MTKDWHAQFNKDTNAWFFYNPTDGSCQWDPP	B9RNB1_RICCO/464-493	--CDWSEHSCPD-GYKYYYNCMTLESRWEKP	30.5	58.158594197979994	0.5483870967741935	0.9354838709677419	0.5161290322580645	0.967741935483871	0.9032258064516129	82.48464150943397	1.11
seq140	MPKGWRVQKSEATNRTFFWNESDRSAQWYIP	C3ZML1_BRAFL/6-35	LPPPWRYAVTRD-SRIYFINDENMSTSWLHP	30.5	54.538996774199994	0.5806451612903226	0.9032258064516129	0.5483870967741935	0.9032258064516129	0.8709677419354839	81.71396296296297	1.22
seq66	MPVGWREILNRDNGTRYYDNRFNGSTTWRPP	A7RG93_NEMVE/83-112	LFPGWDKKVDQN-GRLYFIDHNTRTTTFIDP	30.3	59.78554051411596	0.5483870967741935	0.8709677419354839	0.5161290322580645	0.8709677419354839	0.8387096774193549	84.23657894736843	1.0
seq325	MGPPWVKATTSDPGIYYFFNSVDGAVSWLPP	B9PY18_TOXGV/16-45	LPPDWYEYHDPR-GVPYFHNPRLNVTQWERP	30.3	59.496886100049984	0.5161290322580645	0.9032258064516129	0.5161290322580645	0.9354838709677419	0.8709677419354839	86.20966804979254	0.99
seq111	MPMGWVTQQDPTYGVRYFANRFDKTMQWQAP	A8P5N1_COPC7/162-191	LPPDWEIRYSRK-GEPYYWNTRTRESRWTRP	30.2	59.67695840235001	0.5483870967741935	0.8387096774193549	0.4838709677419355	0.8709677419354839	0.8387096774193549	83.74942965779466	1.13
seq117	LPDGWNSSWDGDSKTWYYIDTYAGNTHWVSP	CMTR1_DANRE/747-777	--DPWTMAFSKSSKRKFFYNKQTKESTYDLP	30.2	65.78279032130004	0.5483870967741935	0.8709677419354839	0.4838709677419355	0.9032258064516129	0.9032258064516129	89.22941860465116	0.98
seq60	MPPGWRKALDDDNGTRYFYNGTDGSFQWVPP	D0NSV0_PHYIT/37-66	LPPGWEELIDGQ-GRVYFANHNSRTTTWMDP	30.2	68.06415677510003	0.5161290322580645	0.8387096774193549	0.45161290322580644	0.8709677419354839	0.8064516129032258	83.56767716535433	1.04
seq269	VPDEWVEMTDPVSGKTYYADPKNENACWTHP	B2WLV7_PYRTR/70-100	--DGWTHRLDPTSGCYYYVNSRTGVSQWENP	30.1	64.81620188557001	0.5483870967741935	0.8709677419354839	0.4838709677419355	0.9032258064516129	0.9032258064516129	77.02513944223108	1.43
seq187	LPLGWWAGKDPATHRTFFYNAIDGQVSWQVP	B7G9D5_PHATC/889-919	LPPGWAKLTHPDSGDAYYYNEATNATSWDIP	30.1	71.24423332935001	0.5161290322580645	0.8709677419354839	0.45161290322580644	0.9032258064516129	0.8709677419354839	84.49822834645668	0.86
seq50	WPNGWEMIASRENGTIYYFNRTDRSFQWQPP	A9UR50_MONBE/154-183	LPHGWEMALTPD-GLPYFIDHVNKRTSWEDP	29.9	64.433879575598	0.4838709677419355	0.8709677419354839	0.4838709677419355	0.9032258064516129	0.9032258064516129	80.55747252747253	0.96
seq400	MHHPWEEYRDKDIGLLYYRNVSDGTVHWDRP	A9USM2_MONBE/143-172	-PCAWKSSQTED-GKTYYYNKDTRETSWTPP	29.8	56.576269170669995	0.5161290322580645	0.8709677419354839	0.5161290322580645	0.9032258064516129	0.8709677419354839	80.60156363636364	1.64
seq2	LPDGWVRGADSQIQRRFFYNTEDGSAQWNMP	A6R3C2_AJECN/308-338	LPEGWIAHLDPNSGQYYYIHLPSQSTQWEFP	29.8	65.7231649696	0.5161290322580645	0.9032258064516129	0.4838709677419355	0.9032258064516129	0.8387096774193549	72.80128404669261	0.96
seq261	LPDGWTAQVSGDDGKLYFYDRGTQASQSDRP	B0DZB6_LACBS/29-59	--QPWQAIFSPQHGAYYFYNTLTNETTWDNP	29.8	68.01367228346002	0.5161290322580645	0.8709677419354839	0.4838709677419355	0.9032258064516129	0.9032258064516129	87.60090909090908	1.21
seq134	LPKGWDEKVEKDTGTRYYYKHQDKTSHWQSP	D0NXY6_PHYIT/41-70	LPPDWEQGETED-GTLYYFNSSTEESIWEHP	29.7	64.29177234499996	0.5161290322580645	0.8709677419354839	0.45161290322580644	0.9032258064516129	0.8709677419354839	85.73077777777777	0.95
seq428	MPAGWHYCYDPKYGHWYFFDGTDGTTRWSAP	Q0UMQ7_PHANO/11-40	--TPWREVTNEE-GKTYYHNTLLNTTTWTKP	29.6	58.62746014438005	0.5483870967741935	0.9032258064516129	0.5161290322580645	0.9032258064516129	0.8709677419354839	82.30435606060605	0.84
seq94	MPDQWRAVTDPENGTTFYHNLIDQSSTRDAP	A0A1P6BXL6_BRUMA/2964-2994	--APWQRAVSTSNQLPYYINHETEVTQWDHP	29.6	59.80228903165998	0.6129032258064516	0.8709677419354839	0.5483870967741935	0.9032258064516129	0.8709677419354839	84.25079999999998	0.85
seq257	MPKGWEKVEDPKTWKHYYANPLTGSRQWDSP	D0NMS2_PHYIT/824-855	-----KKLWDATTGRFYYYNATTKESSWEKP	29.5	68.84416311951993	0.5161290322580645	0.8387096774193549	0.4838709677419355	0.8709677419354839	0.8064516129032258	83.16996212121214	1.04
seq412	MPHSWEEARSADLELYYFYNRVDNTSQWKRP	A9UPT0_MONBE/1231-1261	----WCQLEDPSSKQPYYFNRETNETTWNKP	29.5	60.337837534712	0.5161290322580645	0.8709677419354839	0.5161290322580645	0.8709677419354839	0.8387096774193549	79.33578181818181	0.93
seq126	LSPGWRTVIDAKNKQRYYINNNDKSAHWVMP	A0A0K0JZ41_BRUMA/13-41	LPEPWKAFYSDKRKRIFYFNTETKQSTWE--	29.3	58.16657631795997	0.5161290322580645	0.8387096774193549	0.5161290322580645	0.9032258064516129	0.9032258064516129	79.22325670498084	0.78
seq305	MDTDWISATDPETGKTAYRNPLTGKTCWEHP	C7YHZ8_FUSV7/19-49	LPAGWIAQWDGASKKYYYVQLSTGVSQWEVP	29.2	66.77542850215998	0.4838709677419355	0.9032258064516129	0.45161290322580644	0.9032258064516129	0.8709677419354839	80.3510975609756	1.4
seq270	VPDGWEEVTSPSSNKKYYYYPKSKNACWKPP	Q0UAU0_PHANO/61-91	--DGWRCHVDPTAQAYYFTNIRTGVSQWENP	29.2	66.52237898028997	0.5483870967741935	0.8709677419354839	0.4838709677419355	0.9354838709677419	0.9354838709677419	84.07112403100776	1.17
seq181	LPEGWRSETDPATGRRYFSNRADGSRSWDFP	B8C4Z7_THAPS/804-834	LPSGWVALQDPTSGRTYYANQTTGESSWEMP	29.1	76.90079016145393	0.4838709677419355	0.8387096774193549	0.41935483870967744	0.8709677419354839	0.8064516129032258	84.97484374999999	0.97
seq371	MNWPWYACLNKRSNQFYYFNRTDQTSQWHPP	B7P3Q3_IXOSC/8-37	---QWAEHRTPE-GKSYYHNSRTQQTTWDRP	29.0	55.14651332987001	0.5806451612903226	0.9354838709677419	0.5483870967741935	0.9354838709677419	0.8709677419354839	82.1100354609929	1.51
seq97	MPPQWREILDGEDGTRYYENPIDQTTQWNEP	A9UPN1_MONBE/57-86	LPHGWAKALTDS-GTPYYINHETRVTQWVDP	29.0	62.77757258118999	0.5483870967741935	0.9032258064516129	0.5161290322580645	0.9032258064516129	0.8709677419354839	79.21481203007518	0.83
seq322	VPEPWVTKVSSKNHEPFFFNRETKEKAWAHP	A0A0H5S7K0_BRUMA/46-75	--GPWTEQYSSA-GKRYFYNRETEVSQWEKP	28.9	66.55029395350999	0.5483870967741935	0.9032258064516129	0.4838709677419355	0.9354838709677419	0.9354838709677419	83.23739622641509	1.42
seq195	MRNAWEMAVDQASGNTYYHNSKTGAREWQAP	B7G9D5_PHATC/811-841	LPQGWIEAVDPSTEATYYINEVEGITSWERP	28.8	64.406778110607	0.5483870967741935	0.8709677419354839	0.45161290322580644	0.9032258064516129	0.8709677419354839	81.08844	1.53
seq64	MPVGWKEELSPDNGTRYFVNRSNGSFQWIPP	A7RU79_NEMVE/18-48	LPPGWEARYDNNVGRYYFIHHATRTTTWKDP	28.8	62.008954453430015	0.5483870967741935	0.8387096774193549	0.5483870967741935	0.8709677419354839	0.8064516129032258	84.60003921568628	1.32
seq424	MPVGWDMKMSDQENRKFYYNENDQSFRWDKP	C3Y4A6_BRAFL/488-517	--TPWCIVWTGD-ERVFFYNPTTRLSLWERP	28.7	55.32740348088598	0.5806451612903226	0.8709677419354839	0.5806451612903226	0.9032258064516129	0.9032258064516129	81.91615942028986	0.97
seq178	LPDGWRGEYDPDTGRWSFWNARDGTRQWDAP	B8C2S7_THAPS/154-183	--DGWIAYKDDE-GRTYYYNADSGETQWERP	28.6	67.04147764660003	0.5161290322580645	0.8709677419354839	0.4838709677419355	0.8709677419354839	0.8387096774193549	84.14556818181818	0.96
seq338	LPKDWAACTDEASGQTFFCNMTTSTASWVAP	A0A384K8F5_PLAKH/336-366	-HSPWKQYFSKEDGRPYYHNEITGQTQWHKP	28.6	66.72671896865	0.5483870967741935	0.8709677419354839	0.4838709677419355	0.8709677419354839	0.9032258064516129	89.63469827586206	1.45
seq3	MPAGYQKAADGQNGKYYYFHAANNTRTWQMP	B3RUE9_TRIAD/233-263	LPEEWIVKYASSSNQPYYIDTSTQTVHWLDP	28.5	58.005965673899965	0.5806451612903226	0.9354838709677419	0.5161290322580645	0.9354838709677419	0.9032258064516129	78.07662698412699	0.9
seq157	MPPPWYKAVSRTSGHRYYWSLQSGKVQWTLP	A8X9T9_CAEBR/256-285	--SQWKTYVDAK-KRKFYVNHVTKETRWTKP	28.5	60.48612750890002	0.5161290322580645	0.8709677419354839	0.5161290322580645	0.9032258064516129	0.8709677419354839	80.53524714828897	1.33
seq57	WPPPWSNITSPDNRRKYYWNYTDGSTQWVPP	G1LNK2_AILME/59-88	LPWGWEAGFDPQ-IGVYYIDHVNKTTQIEDP	28.3	59.26007763456799	0.5483870967741935	0.8709677419354839	0.45161290322580644	0.9032258064516129	0.8709677419354839	70.67448529411764	1.2
seq407	LPPGWHTFYHKDRNLYYYYNDQDKTTDWTEP	Q759W3_ASHGO/40-69	--CGWKVATTED-GNVYYYNRETGESRWEKP	28.1	66.11899226987002	0.5161290322580645	0.8709677419354839	0.4838709677419355	0.8709677419354839	0.8709677419354839	86.05272084805654	0.91
seq279	MPEGWEDAADPDTGNIFYYNRHNKDMIWTAP	B6K367_SCHJY/9-41	LPQGWLAQWDSNYNRYFFVNEMGPQPTWEPP	28.0	65.28412931727001	0.5483870967741935	0.8709677419354839	0.5161290322580645	0.9032258064516129	0.8387096774193549	83.6282879377432	0.95
seq135	MPEGFDVTIDETNGVKYYVNHQEGTTRWQRH	D2V3Z5_NAEGR/7-38	VPEGWKESSSRP-GVFYYINKFTNETQWEKP	27.9	55.70772249669997	0.5483870967741935	0.9032258064516129	0.5161290322580645	0.9354838709677419	0.9032258064516129	63.10973180076628	1.55
seq422	MPKDWHAEQDKSGGAWYYYNGTDGTTSWQPP	Q7SD01_NEUCR/12-41	----WQDHRTPD-GRVYYYNSLTRVTQWTKP	27.9	63.20489076522001	0.5161290322580645	0.8709677419354839	0.4838709677419355	0.8709677419354839	0.8387096774193549	76.33367588932806	1.2
seq397	MPQPWHEVIDKDINKWYFYSDTDGTTQWLEP	C1N1E1_MICPC/356-385	---AWQAVKDAE-GKTYYWNKDTGATTWDPP	27.7	53.361722590782016	0.5806451612903226	0.8709677419354839	0.5483870967741935	0.9032258064516129	0.8709677419354839	84.20886029411766	0.9
seq346	MGKDWRMEYDEAEQRTYFYNADDGTSQWWQV	Q4UFG6_THEAN/42-71	---KWRTFATAE-GKVFYYNSETKESVWEVP	27.7	52.273805472620005	0.6129032258064516	0.9032258064516129	0.5483870967741935	0.967741935483871	0.8709677419354839	78.30734545454546	2.33
seq86	MPRGWVQIVDDETGTRFYVNRDDGSFRWNNP	Q57WV5_TRYB2/12-41	LPAGWQIAYTAN-GQPYYLDHNTKTTHWNLP	27.7	61.191728566090006	0.5483870967741935	0.8709677419354839	0.5161290322580645	0.9032258064516129	0.8387096774193549	85.32391634980988	0.96
seq420	MPAGWVNCRAPRYGQCFYYDASLRQVAWRPP	D0NLG9_PHYIT/75-104	----WAVLTSKR-GRTYYHNTETGEDRWDKP	27.6	56.04525436371	0.5806451612903226	0.9032258064516129	0.5161290322580645	0.9032258064516129	0.8709677419354839	74.64482490272373	1.08
seq165	LPKGWRAVVDEVTRNKYFWNEIDGSRHWQFP	Q012B2_OSTTA/110-140	LPPGWHSTIDPTSGREYYFNPHTQKTSWERP	27.6	64.03620703673006	0.5806451612903226	0.8709677419354839	0.4838709677419355	0.8709677419354839	0.8709677419354839	82.34937728937727	0.98
seq200	MRPAWRQRVHPATGRSYFRNRSTGLRSWEAP	B8BRP0_THAPS/314-343	LPEGWKSTKDANSGKIYYYHT-TGKTSWTKP	27.6	63.79159776436001	0.5483870967741935	0.8709677419354839	0.4838709677419355	0.9354838709677419	0.8709677419354839	80.85543726235741	1.11
seq100	LPPDWRVILDHENRIRYYVNRQDGSRQWQPP	C1K002_BOMMO/171-200	LPPHWEERFTSS-GRPYFVNHSTRRTQWERP	27.5	61.57447006880001	0.5483870967741935	0.8709677419354839	0.5161290322580645	0.9032258064516129	0.8387096774193549	76.32837545126354	0.84
seq150	LTKPWNAEVDEANGRWYFYNRNDNTTSTRHP	B4FDG6_MAIZE/76-106	LPPEWQRCLDIKSGQIYYYNTRTQKRTCKDP	27.5	59.502052915989985	0.5483870967741935	0.9032258064516129	0.5161290322580645	0.9032258064516129	0.9032258064516129	76.04022556390976	0.9
seq89	MPRGWRTIFVTGTGTIAYVNVVDGTTQWEPP	Q66HX5_DANRE/209-238	LPPGWTVDWTIR-GRKYFIDHNTNTTHWSHP	27.4	62.82436545246002	0.5483870967741935	0.8709677419354839	0.4838709677419355	0.9032258064516129	0.8709677419354839	87.22288065843621	0.98
seq349	MGEEWVMEYDKHNNRYYYYNKTDNTSQYWEV	B6JYJ3_SCHJY/74-103	----WKEYVTAE-GRKYWYNVDTKQSVWEIP	27.4	46.302585287360024	0.6451612903225806	0.9354838709677419	0.5483870967741935	0.967741935483871	0.9032258064516129	72.68045454545455	2.09
seq130	MPKGWDTIEDSKSGKTLFYNHDDRTAQWVPP	B0WQJ1_CULQU/23-54	LPPGWIASKKRP-GKHYYFNAATNTSLWEHP	27.4	60.69378453806998	0.5483870967741935	0.8709677419354839	0.5483870967741935	0.9032258064516129	0.8387096774193549	85.24458823529413	0.8
seq327	MGENWSLQKSSQDGRLYYEDHTARTAQWVHP	C5XG76_SORBI/262-292	LPENWEEAIDKSTGHKYYYNTKTQTTQWEPP	27.4	54.69422444425001	0.5806451612903226	0.9032258064516129	0.5161290322580645	0.9032258064516129	0.9032258064516129	82.32034615384616	1.16
seq90	MPKGWIAMLDDGTGTRFYINRRDGSFSWSHP	A0A0K0JK41_BRUMA/154-183	LPPNWAVEVTSE-GIRYYVDHNNRRTHWIHP	27.3	65.59690221372999	0.5161290322580645	0.8709677419354839	0.5161290322580645	0.9032258064516129	0.8387096774193549	86.62466403162054	0.94
seq28	MPPGWAIENAPDDDTRYYVNRTDGTRQWQRP	F7E729_CALJA/697-726	LPPGWEEKQDER-GRSYYVDHNSRTTTWTKP	27.2	61.80722213047003	0.5483870967741935	0.9032258064516129	0.4838709677419355	0.9032258064516129	0.9032258064516129	80.77724137931035	1.15
seq380	MDHPWTSDWHPDDQCCYFYNNVNNTSQWDLP	Q4E4M0_TRYCC/381-410	--GEWKEARDKK-GRVYYYHPKEKKSCWN--	27.1	50.753509816742	0.6129032258064516	0.9032258064516129	0.5806451612903226	0.9354838709677419	0.8709677419354839	71.29401486988847	1.55
seq182	MPLGWQAAHKPATQRWFYENRKDGSRQWDIP	B8C7D0_THAPS/387-417	LPEGWISILDPDSGEYYYSNEQTGEVTWDRP	27.1	62.611808648300006	0.5161290322580645	0.9032258064516129	0.5161290322580645	0.9032258064516129	0.8387096774193549	84.06026217228464	0.93
seq20	MDLPWRAIHDPGTGYTYYQNQIDGSRQWQPP	A9UU68_MONBE/113-142	LPPGWEQRQTPQ-GRAYYVYHPARHTQWEDP	27.0	59.61506782393002	0.5161290322580645	0.9032258064516129	0.5161290322580645	0.9032258064516129	0.8387096774193549	84.39704980842912	1.61
seq416	MPCGWHAAWDNASGKNYYFNNHEGWSHCTPP	C4QXP6_KOMPG/45-74	--SEWKEYTTDD-GKSYYYNEKTGQSVWEDP	26.9	58.063272031669996	0.5161290322580645	0.8709677419354839	0.4838709677419355	0.8709677419354839	0.8709677419354839	71.53357142857142	1.39
seq78	MPKGWYQELNDDNGTRYFRNETNGSTQWQPP	Q1LYI3_DANRE/969-998	LPRGWEIKTDPQ-GKSFFVDHNSRATTFIDP	26.9	62.73964150523001	0.5483870967741935	0.8709677419354839	0.4838709677419355	0.8709677419354839	0.8387096774193549	82.58220532319393	1.04
seq390	MPQGWSRVFSDSDDCWYYYNEVVDTTQYIPP	B7FSJ8_PHATC/32-61	---NWSAFYDDE-GRIYYYNSTTEESSWDAP	26.8	58.8521265567393	0.5483870967741935	0.8709677419354839	0.5483870967741935	0.9032258064516129	0.8709677419354839	86.46992452830189	1.05
seq248	HYSSWERMIHRATGKTYYFNHEDSSSLWGAP	Q17AZ1_AEDAE/172-201	----WVEALTEE-GYTYYWHVKTNESVWEPP	26.8	56.823881759999985	0.5161290322580645	0.9032258064516129	0.5161290322580645	0.9032258064516129	0.8709677419354839	80.87410646387832	1.21
seq410	MGHPWHDVWSKAENVWYFYNDTEGTVQWTRP	B8C0D5_THAPS/1297-1327	----WRDVKDPNSGLTYYYNVETRVTTWDKP	26.7	51.62556918332199	0.5483870967741935	0.9354838709677419	0.5161290322580645	0.9354838709677419	0.8387096774193549	82.45956043956043	1.56
seq38	PPPGWLAELDVDTGRWYYNNIKDGTIRWVPP	A9VBQ2_MONBE/381-410	-PIGWEQRFTAS-GRPYYVDHINRSTTFTDP	26.7	64.87209861263001	0.5161290322580645	0.8709677419354839	0.45161290322580644	0.9032258064516129	0.8709677419354839	85.77313953488373	0.98
seq56	MPAGWSEIPDRDNRIKYYFNPGDNSFQWERP	A7SGH4_NEMVE/59-88	LPLGWEELEDAS-GGKYYIDHNTETQQTEDP	26.7	62.43948846392	0.5483870967741935	0.8709677419354839	0.45161290322580644	0.9032258064516129	0.8709677419354839	72.58835820895523	0.75
seq222	MPLGWETAKDRASGKTYHYDRTTGQWSWQFP	F4IJ31_ARATH/194-224	LPLGWVDAKDPASGATYYYNQHTGTCQWERP	26.6	69.91431084798518	0.3548387096774194	0.9032258064516129	0.3548387096774194	0.8709677419354839	0.8387096774193549	85.04320610687023	1.16
seq348	MGKEWEMEYDEANHRYYYYNKTDQTSQYWEV	PRP40_SCHPO/73-102	----WKEYATAD-GKKYWYNVNTRESVWDIP	26.6	45.452948976120034	0.5806451612903226	0.9354838709677419	0.5806451612903226	0.9354838709677419	0.9032258064516129	72.20185314685315	1.77
seq53	IPPPWEIRTDHDNGFIFYFNRYDGSFQWTPP	C1P633_CAEEL/294-323	LPPGWEQVDDQNYG-TFYVDHINRKTQYERP	26.5	61.897908190720024	0.4838709677419355	0.8709677419354839	0.4838709677419355	0.8709677419354839	0.8387096774193549	84.54780219780221	1.15
seq41	PPPGWRPVLDRDSGRTYHFNRTDGTFQWGPP	D0MQU0_PHYIT/197-226	LPVGWEEKTDAK-GRVFFIDHINRVTTWNDP	26.5	65.19980498948	0.4838709677419355	0.8387096774193549	0.4838709677419355	0.8709677419354839	0.8709677419354839	84.73385214007781	1.05
seq67	MPYGWTTELSSD-GTRYYKNVTDGSTCWNRP	C4M9J1_ENTHI/383-411	LPPGWSIG--QDYGEWYFIDHNTQTTSWIDP	26.4	63.70694176313999	0.5161290322580645	0.8387096774193549	0.4838709677419355	0.8709677419354839	0.8064516129032258	86.22954918032787	1.25
seq44	PPPDWEEIVDEDNGRRYYFRHPDLTVRWVPP	KIBRA_HUMAN/8-37	LPEGWEEARDFD-GKVYYIDHTNRTTSWIDP	26.4	59.250798591227024	0.5161290322580645	0.9032258064516129	0.4838709677419355	0.9354838709677419	0.9032258064516129	76.54726277372264	0.93
seq31	MPTNWETEWNPDWQTRYYVNRTDGSTQWEHP	A9V4T7_MONBE/10-40	LPQGWEEIWDPTMQKMFYVDHNTQTTTWVHP	26.3	66.11878886454004	0.5483870967741935	0.9032258064516129	0.45161290322580644	0.9032258064516129	0.8387096774193549	82.96176258992804	1.06
seq319	LGSPWVLKVSSTRHYHFFYNSENNSSSWADP	D0MZ44_PHYIT/2504-2534	-PNPWIEQWDEGAGKPFYFNKQTGVSSWEKP	26.3	58.57202757731997	0.5806451612903226	0.9354838709677419	0.5161290322580645	0.9032258064516129	0.9032258064516129	71.64237354085604	1.26
seq10	LPLGWRMELDGQNGNLYYVNQIDGSRQWQSP	G3UPS2_MELGA/27-56	LPDGWEERRTAS-GRIQYLNHITRTTQWERP	26.2	66.10080168993001	0.5161290322580645	0.8709677419354839	0.41935483870967744	0.8709677419354839	0.8387096774193549	83.757421875	0.83
seq184	LPLGWTAAHKPETGKRFFENRADKKSSWQAP	B8C7D0_THAPS/701-731	LAEGWFPVIDEASGDTYYANELTGETSWDKP	26.2	67.40438982722799	0.5161290322580645	0.8387096774193549	0.4838709677419355	0.8709677419354839	0.9032258064516129	82.09666666666665	1.21
seq204	MRKAWRAVLDQATGKVYFRNSYSGETAWQDP	SET2_DEBHA/479-509	LPDGWQTAFDPNTQTNYYYHAELGISKWERP	26.2	65.24957421526997	0.4838709677419355	0.8709677419354839	0.4838709677419355	0.9032258064516129	0.8387096774193549	78.77558593750001	1.25
seq156	MPKPWREAVDPVNEHRYFWNEQDNSVQWEEP	A4H8P0_LEIBR/579-609	LPAPWEARVDPSTGRTFYVNHETKTTSWERP	26.2	64.52252722918001	0.5161290322580645	0.8709677419354839	0.5161290322580645	0.9032258064516129	0.8064516129032258	83.79429602888086	1.01
seq192	MRNAWKFAVDKATGKTYYYNSTNGSRSWQYE	B7G9D5_PHATC/1772-1802	LPEGWEELVEPSSGDVYYYNAAENVTTWDRP	26.2	58.465972567310004	0.5483870967741935	0.9354838709677419	0.45161290322580644	0.9354838709677419	0.8709677419354839	73.43475285171102	1.21
seq40	PPPPWKSILDDHTGTRYYFNLTDGSFRWVPP	C3ZVC0_BRAFL/57-86	LPYGWEQCTDDE-GRIYYVDHVTRITTYTDP	26.2	61.25958729240297	0.5483870967741935	0.8709677419354839	0.4838709677419355	0.8709677419354839	0.8387096774193549	87.0232183908046	0.97
seq166	MPKPWRPAVDPASGVRYFWNRIDDSRQWQFP	C1E291_MICCC/110-140	LPPGWKSALDPQTGQTYYCNPFTSATSWERP	26.0	62.71898981217004	0.5483870967741935	0.8709677419354839	0.5161290322580645	0.8709677419354839	0.8064516129032258	81.35007407407409	1.21
seq188	MPLGWREAKDPDSGRLFFSNRRDESRSWQFP	B8C8L3_THAPS/37-67	LPSDWVETLDPTSGKTYYYNEATNETTWDKP	26.0	63.53128202460997	0.5161290322580645	0.8709677419354839	0.5161290322580645	0.9032258064516129	0.8387096774193549	75.271015037594	1.19
seq423	MPKGWDKRMSSQENRKYYSNTNDGSFRWDKP	TCRGL_HUMAN/341-370	--SPWCVVWTGD-DRVFFFNPTMHLSVWEKP	26.0	59.47808912083599	0.5806451612903226	0.8387096774193549	0.4838709677419355	0.8709677419354839	0.8387096774193549	82.03415730337078	1.2
seq250	MPEGWHPMVDSQTGQTYYWNEGDSGTGWNRP	IQGA1_HUMAN/681-710	---KWVKHWVKG-GYYYYHNLETQEGGWDEP	26.0	64.59987468128996	0.45161290322580644	0.9032258064516129	0.45161290322580644	0.9032258064516129	0.8387096774193549	80.36753968253969	0.96
seq79	MPEGWHTVLDDGTGRRAFVNGSDGSTQWNRP	B0S5C0_DANRE/272-301	LPENWELAFSDT-GEPYYINHNSKTTSWLDP	26.0	68.26293509496008	0.5483870967741935	0.8709677419354839	0.4838709677419355	0.8709677419354839	0.8387096774193549	87.05305785123967	1.1
seq82	GQSGWREELDDGSQRRYYYNGFDGSRQWQSP	B4LMR6_DROVI/252-281	LPPKWETAYTER-GELYFIDHNTGTSHWLDP	25.9	61.70743875648301	0.5483870967741935	0.8709677419354839	0.5161290322580645	0.9354838709677419	0.8709677419354839	79.71314393939396	1.53
seq419	MPEPWTKCRDEKYGRTFYYRAGTGQSEWRAP	Q8STT7_ENCCU/46-75	--DPWIECRSKR-GRVFYHNSITRESRWKRP	25.9	67.10567810676	0.5483870967741935	0.8387096774193549	0.45161290322580644	0.8709677419354839	0.9032258064516129	79.98935849056603	1.47
seq402	MPHPWHYEWDKDENLWYFYNDEEGTVQWTRP	B7G6C6_PHATC/199-229	--SAWRTATDPNTGRTYYYHVETRETQWRKP	25.9	56.963393802392005	0.5483870967741935	0.9032258064516129	0.5483870967741935	0.9032258064516129	0.8387096774193549	82.13051724137931	1.11
seq80	MISGWRTVLDDGTGRRAYVNGFDGTTQWNPP	MAGI3_MOUSE/298-327	LPKNWEMAYTDT-GMIYFIDHNTKTTTWLDP	25.6	64.45347264351003	0.5483870967741935	0.8709677419354839	0.5161290322580645	0.9032258064516129	0.8709677419354839	83.73463114754098	0.96
seq355	PQEGWVKEWDQNNQQWYFYNPADASVHWETP	A9US64_MONBE/22-51	---HWQSHVASN-GKTYFFNVKTKESRWEPP	25.6	59.45016100847003	0.5483870967741935	0.8709677419354839	0.4838709677419355	0.9032258064516129	0.8709677419354839	81.1208	1.25
seq171	QEPPWRVDTDPQTGKEFYVNRVDETRQWTEP	A5DYF1_LODEL/489-519	LPANWETTFDESSGKWYFYNKITRETDWNPP	25.5	57.417401805020035	0.5806451612903226	0.9032258064516129	0.5483870967741935	0.9354838709677419	0.9032258064516129	83.25762081784387	1.67
seq361	MPVDWVAEHDVATNRWYFYNNTDNTYQWVPP	PR40B_MOUSE/94-123	----WSEHVAPD-GRIYYYNADDKQSVWEKP	25.3	59.88698772340002	0.5483870967741935	0.8709677419354839	0.5161290322580645	0.9032258064516129	0.8387096774193549	86.70893382352942	0.99
seq180	MPLGWRAEYDTTSGKYYYTNLADGSTKLDFP	C3YC73_BRAFL/92-121	LPPGWQVFMSPD-GRPYYVNRQTSETSWDAP	25.3	65.09338742350002	0.4838709677419355	0.9032258064516129	0.4838709677419355	0.9354838709677419	0.8709677419354839	86.1571314741036	0.98
seq37	MPFGWREELDRDNGTRYWSNRKNRSTAWDPP	D3BK66_POLPP/281-310	LPPGWECRIDDH-GRIYYLDHNNRVSSWTPP	25.3	57.18818838138996	0.5806451612903226	0.8709677419354839	0.5161290322580645	0.9032258064516129	0.8064516129032258	78.72830258302582	1.16
seq149	MPAGWNAVVDAANGNRRYVNSADGSTSWTPP	W5P6T3_SHEEP/52-81	LPVEWKPCQDIT-GDIYYFNFANGQSTWDHP	25.2	69.53386625463999	0.5161290322580645	0.9032258064516129	0.45161290322580644	0.9032258064516129	0.8387096774193549	83.23842794759825	0.97
seq373	MPWNWAAEASPQQYRYYYVNTQDRTSHWETP	Q95PX8_CAEEL/155-184	----WVETETAE-GKKYFYHPVNRNTIWERP	25.2	60.75566195851	0.5483870967741935	0.8709677419354839	0.5161290322580645	0.8709677419354839	0.8709677419354839	75.12221818181817	1.09
seq247	MDQGWVKMTDQATGKTYFFNPENESILWGDI	I3K3L4_ORENI/176-205	--SAWMEAVSPD-GYTYYYNTETGESSWEKP	24.7	51.79956484982994	0.6129032258064516	0.9032258064516129	0.5806451612903226	0.9032258064516129	0.9032258064516129	75.5665748031496	1.82
seq251	MPQGWIMQVDPDTGQGFYVNQADSSIKWIQP	DRE4_SCHPO/91-120	--DSWVVVFTKK-NRYFFHNLKSHESYWEPP	24.5	60.78224988484995	0.5806451612903226	0.8709677419354839	0.5161290322580645	0.9032258064516129	0.8387096774193549	87.03649193548387	1.08
seq132	LPAGWDVEINKSTGSKWFINHADRQRTWQIP	A0A1S4L2C7_IXOSC/42-72	-QVGWRRFWSKREGRPYFFNKLTNESLWEMP	24.4	62.707676890159995	0.5483870967741935	0.8709677419354839	0.4838709677419355	0.9032258064516129	0.8709677419354839	79.27138996138997	0.63
seq55	WPAPWSNIVDRDNNTNYYFNTETNSFTWVQP	H3CQ98_TETNG/55-84	LPVGWEEAYDPA-VGAYYVDHNTKSTQLEDP	24.3	60.83816188344	0.5806451612903226	0.8709677419354839	0.5161290322580645	0.9032258064516129	0.9032258064516129	78.48754646840149	0.83
seq403	MPPGWHFEFHKQRMKFYFYNDIDKTTDWEKP	C5DDH0_LACTC/41-70	--HGWKTGKTDE-GQVYYYNQETGKSCWEIP	24.2	57.733557036329984	0.5806451612903226	0.8387096774193549	0.5161290322580645	0.9032258064516129	0.8709677419354839	82.1822807017544	1.08
seq109	MEKGWRLILDGKN-NRFYINRFTGSRQWLPP	H2UCV1_TAKRU/7-37	LPSGWEKRMSRSTGNVYYFNHSTNASQWERP	24.1	54.79759164727002	0.5806451612903226	0.9032258064516129	0.5483870967741935	0.9032258064516129	0.8709677419354839	76.53999999999999	1.05
seq39	MAQGWLSRMHSETGKRYYFNLNDGRFRWVRP	WWOX_DANRE/59-88	LPYGWEQETDDK-GQIFYVDHINKRKTYFDP	24.1	52.72116530260396	0.5806451612903226	0.9032258064516129	0.5483870967741935	0.9032258064516129	0.8709677419354839	82.52408088235295	1.0
seq207	MPPGWATATDRASGKQYHYNRHTGQWSWQAP	C5XG76_SORBI/217-247	LPHGWVEAKDLTTGAPYFYNQSTGVSQWDRP	24.1	70.45042211708521	0.4838709677419355	0.8709677419354839	0.41935483870967744	0.8387096774193549	0.8064516129032258	86.51074803149606	1.14
seq59	LPPHWRVVLDGGSNTSYYHDFTNGTPAWVFP	A9URJ0_MONBE/82-111	LPPGWENIEDGD-GNIVYYNHKDRVTT----	24.1	59.17023468448005	0.5806451612903226	0.9032258064516129	0.5161290322580645	0.9354838709677419	0.9032258064516129	62.01944444444445	1.34
seq81	MPSGWRTILDDESGKRAYYNGFDGSRQWQPP	C3Z2K2_BRAFL/165-194	LPDNWEVAYTDN-NEMYFIDHNTGTTHWDDP	24.1	62.719143170829994	0.5161290322580645	0.8387096774193549	0.5161290322580645	0.9032258064516129	0.8709677419354839	81.08380392156862	1.35
seq209	LPQGWVTVHDPASGRQYHYRRLTGATQWAAP	B8BYF2_THAPS/420-449	--DGWTEHSSPT-GIPYYYNTITGVSTYDRP	23.9	72.19332424739402	0.45161290322580644	0.8387096774193549	0.3870967741935484	0.8709677419354839	0.8387096774193549	84.35676000000001	1.07
seq238	MPEFWERRTDPEENKTYYYCPEIGKSQWNKP	C3Y494_BRAFL/4-33	---EWQECLDDN-GFKYYWNITTNETSWDRP	23.8	63.61830929586001	0.5483870967741935	0.8709677419354839	0.5161290322580645	0.9032258064516129	0.8709677419354839	84.44565217391305	1.09
seq145	MPTGWNAETNADTGRRRYVNSVDGTSSWTAP	C1MW35_MICPC/52-81	LPEHWKPCKSPT-GDIYYFNFQSGESVWDHP	23.8	63.11213183949003	0.5483870967741935	0.8709677419354839	0.5161290322580645	0.8709677419354839	0.8387096774193549	84.81151260504201	0.86
seq114	LRSGWDSINDNGKKTRYFINNKAKSTHWTPP	A7TII7_VANPO/7-37	LPEPWTIRYSRSKKREYFFNPETKASQWEAP	23.7	56.94681880733999	0.6129032258064516	0.8709677419354839	0.5483870967741935	0.8709677419354839	0.9032258064516129	76.74486381322957	0.78
seq358	MVKGWSQEYSPANQHYYFFNATDQSSQWWPV	B0CU75_LACBS/37-65	---KWKEYFSG--GRKYYYNTETKESKWDMP	23.6	52.01520606541605	0.6129032258064516	0.9354838709677419	0.6129032258064516	0.9354838709677419	0.9032258064516129	79.76156133828997	1.44
seq292	MPKMWICAISADSGSLFHYNRLTGETRWKAP	G8YA03_PICSO/12-42	VPEGWVAKFDDRYKTWYYVNLNTKKSQWEAP	23.6	59.57345714341899	0.5806451612903226	0.8709677419354839	0.5161290322580645	0.8709677419354839	0.8709677419354839	83.15136546184739	1.45
seq186	LPLPWRAAHKPATGKRFFYNRADGSRRWNFV	B8C7D0_THAPS/159-189	LPPDWIALEDPDSGDVYYANEVTGETTWDRP	23.5	56.06031382822002	0.5483870967741935	0.9032258064516129	0.5483870967741935	0.9354838709677419	0.9032258064516129	76.584	1.15
seq347	MGKGFNMAYDEDNQQYYFYNADDNSSQWWEV	A7AU64_BABBO/46-75	--TNWKQFETAE-GKVYYYNSVTRQSVWSKP	23.5	47.141567597350054	0.6774193548387096	0.9354838709677419	0.5806451612903226	0.967741935483871	0.9032258064516129	68.14840148698886	1.89
seq128	MQRTRTTVQDANNGTVFFWNNNDKISHWTMP	B4R5K5_DROSI/82-112	LPTDWKICYSEEKNGHYYHNTRTKESQWDHP	23.4	42.27253862460199	0.6774193548387096	0.9354838709677419	0.6129032258064516	0.9354838709677419	0.9032258064516129	56.90246153846154	2.11
seq430	MPVDWNLCKDPVSNKLYYCNIKTGEFHWVRH	B9PND3_TOXGV/145-175	-PSLWEVYFTPDSNIPYFYNALSKHVQWHRP	23.3	57.68033214004002	0.5483870967741935	0.9354838709677419	0.5483870967741935	0.9354838709677419	0.9032258064516129	81.17187969924812	2.01
seq221	MPLGWQTYHDRASGKTYHYNTTTGQWNWKFP	B9SEY2_RICCO/191-221	LPPGWVEAKDPATGVSYYYNESIGKSQWERP	23.1	65.19712872415998	0.45161290322580644	0.8709677419354839	0.45161290322580644	0.8387096774193549	0.8387096774193549	82.01485074626865	0.99
seq217	MPADWQESTHPTTGRKYFRDPDTGEWRYSFP	TG325_CAEEL/98-127	--NGWFEYETDV-GRTFFFNKETGKSQWIPP	22.9	53.78918019859998	0.6129032258064516	0.9032258064516129	0.5483870967741935	0.9354838709677419	0.9032258064516129	80.58097744360903	1.42
seq267	MPLLWVVAKEPESNDTYYHCRRTGERHWEPL	B3RVJ1_TRIAD/47-77	--GDWMAIYDQNNQKYYYHNTSTKATQWDKP	22.7	54.82741553025003	0.5161290322580645	0.9032258064516129	0.5161290322580645	0.9354838709677419	0.9032258064516129	76.23578358208955	2.02
seq129	MSAGWSTVLDGKVKKRFFINHKDNTTMWSMP	C1ED43_MICCC/69-100	-PGPWKTMKSEEHDREYYHNIETKESTWEKP	22.0	56.16070402799999	0.5806451612903226	0.9032258064516129	0.5483870967741935	0.9032258064516129	0.9032258064516129	71.80150793650793	0.85
seq356	MPNPWYKCYDKANQQWYFWNDTDQSSTWWQI	B6H953_PENRW/49-78	--QPWREHTTDA-GRKYWYHTETKQSTWEMP	21.8	48.22431784046003	0.6774193548387096	0.9032258064516129	0.6129032258064516	0.9354838709677419	0.8709677419354839	68.98811188811189	2.19
seq256	MPDTWERVQNKETWIYYYFNRVTGERQWEGP	D0MQR3_PHYIT/813-843	--SEWIKYFDETQGVHYYYNNRTQESTFDRP	21.7	65.08494222443001	0.5161290322580645	0.8709677419354839	0.4838709677419355	0.9032258064516129	0.8709677419354839	83.55492907801418	1.12
seq326	MQEPWHSQIASQDGTKYYEDMTNGRAQWVHP	B9SEY2_RICCO/236-266	--GDWVESVDETTGYKYYYNTKTHVSQWEHP	21.6	49.71139847212201	0.5806451612903226	0.9032258064516129	0.5806451612903226	0.9032258064516129	0.9354838709677419	62.430463320463325	1.35
seq45	MPPDWVERTDRDNNRRYYYRRTDGTFRWVPP	Q54VB5_DICDI/73-102	LPDGWEESTDNQ-GRVYYIDHVNKKTSWIHP	21.5	57.61839932304001	0.5806451612903226	0.9032258064516129	0.5483870967741935	0.9032258064516129	0.8709677419354839	80.90929577464787	1.14
seq193	MANGWVKAVHKATGETHFYNSATRSASWQEP	B7GAE9_PHATC/92-122	LPEGWSEHLDPASGQLYYYNANDGTTTWDRP	21.5	56.869244808545254	0.5806451612903226	0.9032258064516129	0.5483870967741935	0.9032258064516129	0.9032258064516129	83.78819672131148	1.08
seq352	PGPGWVAEYDDRRQQWYFFNPTEHTGRWDTV	PR40B_MOUSE/135-164	--CPWKEYKSDT-GKPYYYNNQSQESRWTRP	21.5	50.464936088668026	0.5806451612903226	0.9032258064516129	0.5483870967741935	0.9354838709677419	0.9032258064516129	74.55099264705882	1.83
seq62	MPTGWMEETEPTNGKRCFVNLFNGTTQWITP	B0XAZ1_CULQU/9-39	LPPGWDCKYDSRTGRYYYVNLFTKTTTWEDP	21.5	59.007251328489986	0.5806451612903226	0.8709677419354839	0.5161290322580645	0.9032258064516129	0.8709677419354839	82.37152	0.72
seq216	MSHDWERHHCPVTRRYYYYNRKTNKWTWDYP	B7FYV9_PHATC/73-103	LPDGWKEEMDEVTGIAFYVDTNTGKRTWVRP	21.5	60.47562928182001	0.5806451612903226	0.8709677419354839	0.5161290322580645	0.9032258064516129	0.8709677419354839	81.77656565656565	1.13
seq376	MPWPWHARYNNATNQWWFYNNTNNTCQWVPP	F7EUD9_XENTR/393-422	--SEWSEYKTAD-GKTYYYNNRTLESTWDKP	21.4	50.081154827998986	0.6451612903225806	0.9032258064516129	0.5483870967741935	0.9032258064516129	0.8709677419354839	82.28185714285713	1.05
seq108	MPKGWTSKLDGKNQNRFFINRATGSRQWIPA	A7SG38_NEMVE/4-34	LPPGWVEKVSNSTGKTYYLNQHTKASQWERP	21.1	58.014760794500006	0.5483870967741935	0.9032258064516129	0.5161290322580645	0.9354838709677419	0.8709677419354839	70.68204724409449	1.19
seq199	MRRPRRQQVDREASCRYFRNASNGTSQWQLP	B2AWM9_PODAN/564-592	LPEGWHVTTDNT-GRYYFYDVN-GKVQWQRP	20.8	46.3146257439762	0.6129032258064516	0.9354838709677419	0.5806451612903226	0.9354838709677419	0.9032258064516129	58.94441509433962	1.18
seq13	LSLGWRTELDVETGTRYYSNRFDGSRQWQAP	D3ZG54_RAT/18-47	LPPGWEERTTKD-GWVYYANHTEEKTQWEHP	20.7	62.641762146199994	0.5161290322580645	0.9032258064516129	0.4838709677419355	0.9032258064516129	0.8709677419354839	83.3916091954023	1.02
seq168	MPGGWRELVDPALKKKYYYNGSVGSVEWGFP	B7G4M2_PHATC/564-594	--PQWKIAVDAESGRTYYYHRISRVTSWTKP	20.7	60.15710550451997	0.5161290322580645	0.8709677419354839	0.4838709677419355	0.8709677419354839	0.8387096774193549	84.63148000000001	1.1
seq9	LPLGWAMELDRITGNLYYVDLWDGSRQWQAP	B7PWH7_IXOSC/163-192	LPEGWEQRRAAT-GRVYYVNHWSRSTQWEKP	20.6	66.47827963583003	0.5161290322580645	0.9032258064516129	0.45161290322580644	0.9032258064516129	0.8709677419354839	86.87293436293436	0.98
seq399	MHPPWHSALDKRINLWYYYDALEGEVTYARP	C1EIU3_MICCC/80-109	----WRENRAPD-GRTYYYHQDTRETRWSLP	20.6	51.677979663270015	0.6129032258064516	0.9354838709677419	0.5483870967741935	0.9354838709677419	0.9032258064516129	83.64118959107806	1.04
seq83	MEPGWVEILVDGTGRRAYWNVFDGSYQWTPP	A9VD85_MONBE/810-839	LPYGWDQAQTAK-GEYYYIDHNTGTTHWLHP	20.3	55.99687686465002	0.5806451612903226	0.8709677419354839	0.4838709677419355	0.9032258064516129	0.8387096774193549	84.43120622568094	1.23
seq0	MPKAWKQEKDSKTGQEYYRNMNDQSFQWTRV	A8NRU3_COPC7/285-314	-PEPWVKQTSGD-GTYYYYNTVDGTAQWTRP	20.0	51.501687423189985	0.5483870967741935	0.9354838709677419	0.5483870967741935	0.9354838709677419	0.8387096774193549	82.95216911764705	1.2
seq148	VPAGWNAIPDAVTGRTIYRNDANGTWQWTPP	C1MVL6_MICPC/69-98	LPEGWKPCRTGD-GQVYYFNFDTGASSWDHP	19.5	66.7032901056	0.5161290322580645	0.8709677419354839	0.4838709677419355	0.9032258064516129	0.8387096774193549	84.38724279835391	0.87
seq343	LLPGWTEMYNTQKKRWYYFNDDDGSFIWVNP	A0BJK1_PARTE/11-40	----WSKHSSAN-GQTYYYNVKTGQSQWEKP	19.4	57.20162041493002	0.5806451612903226	0.8709677419354839	0.5161290322580645	0.8709677419354839	0.9032258064516129	83.2311231884058	1.08
seq331	MPQGWDMVKDPGTNQWYWMHTSDKKIEWTPP	D0MQC2_PHYIT/26-55	--DEWSVHDDGD-GRLFYYDHKTDSSQWEVP	19.3	55.97630978674003	0.6129032258064516	0.9032258064516129	0.5806451612903226	0.9032258064516129	0.9032258064516129	81.70428571428573	1.36
seq433	MPGRWVAEWGPDSRQTYLFDERSGESSWVTH	A7AR42_BABBO/113-142	---EWQQFTNTD-GMLYYYNKRTGETQWQRP	19.3	52.21665066749	0.5806451612903226	0.9354838709677419	0.5806451612903226	0.9354838709677419	0.9354838709677419	62.323436293436295	2.19
seq405	TPPPWHFKVDAARKRFYFYSATNRTHDWTKP	Q6FL86_CANGA/42-71	--AGWNVAKTKE-GKVYYYNVKTKESRWDNP	19.2	53.40947421329903	0.5806451612903226	0.8709677419354839	0.5483870967741935	0.9032258064516129	0.8709677419354839	62.86520146520145	1.64
seq379	MDDPWFSAYDPDIQSCGYYNNKDGSVQWERP	Q4DMS0_TRYCC/11-41	----WREKKDPKSGKTYYVNVQTRVSVWN--	19.2	55.21145079563894	0.5806451612903226	0.9354838709677419	0.5161290322580645	0.9354838709677419	0.9032258064516129	79.79760617760618	1.43
seq298	APWMWEEKDVPRSGERYHFNALTGDTRWDFP	C9SCV0_VERA1/15-45	LPPGWTARWNTQYNAWFYVNLHTKQSQWDKP	19.1	56.595742583419984	0.5483870967741935	0.8709677419354839	0.5161290322580645	0.9032258064516129	0.9032258064516129	78.56795539033457	1.05
seq8	LPRGWRTERSRQNGTLYLVNRFDRSRQWQQP	B7Z068_DROME/248-277	LPAGWEERQDAN-GRTYYVNHTARTTQWDRP	18.9	60.38009461793996	0.5483870967741935	0.8709677419354839	0.4838709677419355	0.9032258064516129	0.9032258064516129	63.65543478260869	1.36
seq17	VPEGWETLLHRGNGTLSYYNHIERKRQFTPP	WWP1_CAEEL/326-356	LPEGWEKRQDPNTSRMYFVNHVNRTTQWEDP	18.7	58.72355963969	0.5483870967741935	0.9032258064516129	0.5483870967741935	0.9032258064516129	0.9354838709677419	83.78431297709925	0.94
seq84	MPRGWVEILDDGSGTRAFVNRQDGSFQWQPP	A4I7Y9_LEIIN/27-56	-PPGWEMAYTPN-GEIYYIDHNTRTTHWQLP	18.4	62.13252288730002	0.5806451612903226	0.8709677419354839	0.5161290322580645	0.9032258064516129	0.8387096774193549	82.38276	0.93
seq104	LPVGWQDILDGPTGTRIFVNRFAGTRAWQPP	D0MTH1_PHYIT/1207-1237	LPVGWEAKVSRSTGRVYYVNRKLGKSQFERP	18.4	59.93423513040007	0.5806451612903226	0.8709677419354839	0.5161290322580645	0.9032258064516129	0.8709677419354839	83.30203252032518	0.97
seq87	MRYFWQTEVNPGTGRKYYRNRADGSFQWTPP	A9URJ0_MONBE/46-75	LPTGWQVGKAPN-GKPFFLNHNDFSTHWCHP	18.3	54.10928693332005	0.5483870967741935	0.9032258064516129	0.5483870967741935	0.9354838709677419	0.8387096774193549	81.5654074074074	1.11
seq160	MPDPWRAAVDPVDGKVCFYSLDSRETEWKHP	A9V612_MONBE/606-636	LPDEWEELIDQETKHRFFANHKTRQTSWTDP	17.8	59.77828253549001	0.5161290322580645	0.9032258064516129	0.5161290322580645	0.9032258064516129	0.8709677419354839	76.28219607843137	0.73
seq6	LPLGYTAQRDTDNGTYYFYKLSDGSGNWERP	B4LZV7_DROVI/182-210	LKAGWTVHVGKD-GRLYYCNHLTQSSGW---	17.8	58.966632472309044	0.5483870967741935	0.9032258064516129	0.5161290322580645	0.9032258064516129	0.8709677419354839	78.26610236220472	0.83
seq54	MPPPWEMRTLRDNGFRRYYNTRDGTSQYTYP	B3RUE9_TRIAD/281-310	LPFQWEVINDPQ-AGPYYIDHVHRRTQFENP	17.7	56.42236308262005	0.4838709677419355	0.9032258064516129	0.4838709677419355	0.9032258064516129	0.9032258064516129	75.26488970588237	0.94
seq339	MPEDWKEEWNEDNGKFYYSSDADGSRQWLPH	C3XWC5_BRAFL/129-158	--GPWVESTSPE-GYTYYYNTVTGESQWELP	17.7	50.537570164789976	0.6451612903225806	0.967741935483871	0.6129032258064516	0.967741935483871	0.9032258064516129	74.05981481481481	1.38
seq115	LRSTWRSSNDGGKKQVYFINLGDGSTHWLPP	Q75CN9_ASHGO/7-37	LPGPWAVKFSKSRKREYYYNPETKESQWEVP	17.2	51.068803528123915	0.6129032258064516	0.8709677419354839	0.5806451612903226	0.9032258064516129	0.8709677419354839	78.40871485943775	1.73
seq391	MPHPWQKAQSEETGEWYYYFEQVGTKQWTKP	B5YMG8_THAPS/201-231	---NWEALIDEKRGMIYYYNTETKESSWNRP	17.2	58.369756518708016	0.5161290322580645	0.9032258064516129	0.5161290322580645	0.9032258064516129	0.8709677419354839	82.1587591240876	1.08
seq370	MPGDWHAELNQAANQWYYYNNTFGTWLWNPP	A8XAA7_CAEBR/87-116	--SEWSEHPHTD-GRSYYYNKITKQSSWVKP	17.1	52.65859546721502	0.5806451612903226	0.9032258064516129	0.5806451612903226	0.9032258064516129	0.8709677419354839	81.33433333333333	0.99
seq92	MPAGWTVQESRTNGTAAYYNPQDGSFQWQPP	D2V5D1_NAEGR/402-432	LPYGWEKKVDKRTNKEYYVDHNTRTTHWHFP	17.0	61.525690790000006	0.5483870967741935	0.8709677419354839	0.5161290322580645	0.9032258064516129	0.8387096774193549	77.92219512195122	0.83
seq72	MPAPWEAELALDNLTRFYVDLVNGSVQWQPP	A0A0D2WNB7_CAPO3/454-483	LPFGWEMRHTDD-DRTYFVNHNDMSTTWLDP	17.0	53.447407399660015	0.5483870967741935	0.9032258064516129	0.5483870967741935	0.9032258064516129	0.8709677419354839	68.07681274900398	0.99
seq183	MPLGWRAAVDPATGKRFHENRADKTNSWEAV	B8C7D0_THAPS/653-683	------AVVDPSSGDTYYVHEVTGETTWDKP	16.9	59.47829648274	0.5161290322580645	0.9032258064516129	0.4838709677419355	0.9032258064516129	0.8709677419354839	67.34971659919029	1.9
seq144	MPNGWNAITNADTGRRRYENSADKLTSWTPP	A9UNS1_MONBE/51-81	LPENWKPCEDTASKEIYYFNFKTGESLWDHP	16.4	63.840950866169976	0.5483870967741935	0.8709677419354839	0.5161290322580645	0.9032258064516129	0.8709677419354839	73.62842105263158	0.87
seq438	MPPDWKTAKGYYSGTIYYANPATGKWTWDSP	D3BSM5_POLPP/437-465	LKPGWKEYTTTE-GKKYYHHQLTNITTWNP-	16.3	63.13884508652597	0.4838709677419355	0.8709677419354839	0.45161290322580644	0.8709677419354839	0.8709677419354839	84.6193253968254	1.07
seq213	MGQNWEDKLDPVTNIYYSYNKSIKKTTWLAP	Q5KEC7_CRYNJ/75-105	LPSGWVRCFDPNQKHHFYVDEATKRSTWVHP	16.0	57.914825764049986	0.5806451612903226	0.9032258064516129	0.5483870967741935	0.9032258064516129	0.9032258064516129	77.98597701149424	1.05
seq253	MPAEWYQMHDLMTWSYYYHNIMDDSSQWISP	B8CAN5_THAPS/110-140	---QWVKQWDQEVGAEYFYNTETGEASWVDP	15.2	47.91517289973001	0.5483870967741935	0.9032258064516129	0.5483870967741935	0.9032258064516129	0.8387096774193549	84.3488	0.94
seq202	MPAAGVRNVHEATGLIYYRDRTNGLSSWQDP	C1MPC5_MICPC/78-108	LPEGWAEAIDKTYGTKYYYNAKLGQSSWTRP	14.8	52.16648304834999	0.6129032258064516	0.9354838709677419	0.5806451612903226	0.9354838709677419	0.967741935483871	76.31459016393444	0.91
seq185	LPLGWWAAHKLATGKIFFEDRRDKSSTWTPV	B8C7D0_THAPS/598-627	LPPGWYSVLDPASGDEYYVNDS-GETTWDKP	14.6	55.24101737358003	0.5483870967741935	0.9354838709677419	0.5483870967741935	0.9354838709677419	0.9032258064516129	64.78455252918289	2.31
seq388	MPNGWIFGQLHNDNRPYFENPEDGTRRWETP	B5YMG8_THAPS/87-117	--GDWSAYLDESKGLIYYFHRRTGESTWEPP	14.6	53.338688558849014	0.5806451612903226	0.8709677419354839	0.5806451612903226	0.8709677419354839	0.8709677419354839	68.94812734082397	1.07
seq152	LPKDWREIGSPDNYTVWYYNGTDGTRQWKRP	B7G9D5_PHATC/250-280	LPPQWTEAVDVDTGKFYFVHVETKETRWERP	14.2	60.28035885961002	0.5161290322580645	0.8709677419354839	0.5161290322580645	0.9032258064516129	0.9032258064516129	79.00492592592593	1.73
seq351	MVEGWDDEMDKTLRTWYFFNAEDQTAQWWGV	C1MVB4_MICPC/13-42	--PRWKEATAAD-GRAYYYHKDTKETVWTIP	13.3	44.44734242109003	0.6451612903225806	0.9032258064516129	0.6129032258064516	0.9354838709677419	0.9032258064516129	48.209595588235295	2.52
seq91	MPEGWETIEDRGSGTRAYVNRFDYTFCWQPP	A7SIY0_NEMVE/608-638	LPHGWEKAVDQTTGRIFYRDHNTQTTHWNPP	13.0	57.49419885874997	0.5806451612903226	0.9032258064516129	0.5161290322580645	0.9032258064516129	0.8709677419354839	80.48862068965516	0.92
seq112	MDGAWVTENDPDNGTRFFSNRFDRKMQWAAP	D0N5C9_PHYIT/8-38	LPAEWLVRVSRSKSKVYYYHTLTKKTQWSRP	12.9	46.93169262282	0.6451612903225806	0.9032258064516129	0.5806451612903226	0.9032258064516129	0.8709677419354839	79.69202334630351	1.65
seq161	MPTPWHAVWCDTRERRCFVNSDDNSVTWGYP	A9UUZ5_MONBE/336-366	LAPGWTSHVDSRTNRIFYANAATRQTTWIKP	12.0	51.06116988546998	0.6129032258064516	0.9354838709677419	0.5806451612903226	0.9354838709677419	0.8709677419354839	80.27720306513409	1.31
seq381	VDHPWTEVWDPYIQCCYFFSPTEGTYHWTPP	B5YN50_THAPS/18-48	--DEWREAVDPESNRVYYYNRLTRKSSWKLP	11.8	47.444146579422004	0.6451612903225806	0.9354838709677419	0.5806451612903226	0.967741935483871	0.9032258064516129	66.87437037037037	2.0
seq106	MPDNWTTVEAGTTGRLYFVRRGASSRAWYRP	B7G6I4_PHATC/228-258	LPLGWEAAKDRATGKTYYFNRTTSQRQWEPP	11.7	47.88207594747401	0.6451612903225806	0.9354838709677419	0.5806451612903226	0.9354838709677419	0.8709677419354839	65.04003937007873	1.37
seq201	MRPAGEADVHGDNGLSYFRNRTTGLRSWQAP	C1E291_MICCC/64-94	LPPGWKETIDAKYGKPYYYNTALGISSWTRP	9.3	50.36007382775	0.6451612903225806	0.9354838709677419	0.5806451612903226	0.967741935483871	0.9354838709677419	68.11617283950619	1.11
seq164	MPPNWEAHYCFEKEHRYYYSLDDESTNWIFP	A9VD85_MONBE/762-792	LPAHWEKVVDEATGRVYFRNHETRETTWVDP	9.1	47.640707453160005	0.6129032258064516	0.9032258064516129	0.5483870967741935	0.9032258064516129	0.8709677419354839	84.03946619217082	1.06
seq158	MPPPWRQVVHPVSQHRCYYSTNSNAVNWEEP	A4HX11_LEIIN/555-585	---DWVPCVDPATGRTFYVNDKTRQTSWTRP	8.8	51.11457855465	0.6129032258064516	0.8709677419354839	0.5806451612903226	0.9032258064516129	0.9032258064516129	80.01183908045977	0.86
seq163	MPKPWIAARCPRREHRYFFSLDHESVNWIFP	Q57UK1_TRYB2/465-495	LPPPWEEHVDPKSRRVFYVNHQTRETTWVRP	7.6	39.14054460862997	0.6451612903225806	0.9354838709677419	0.6129032258064516	0.9032258064516129	0.9032258064516129	54.82320000000001	2.97
seq162	MKPPWIAAVCPVRNRVCFWNIDDNSVNWRNP	A9V7H1_MONBE/959-988	LPPGWSAHRHRD-GRVFYANHHTKQTTWADP	7.5	44.97208834179901	0.6129032258064516	0.9354838709677419	0.6129032258064516	0.9354838709677419	0.9032258064516129	84.3684555984556	1.44
seq159	MPAGWREATCSVSSHRCYENLDSGSVNWTEP	Q4D3J6_TRYCC/504-534	---DWDECVDPKSGRKYYVNRYTKQTSWTLP	7.0	47.48885428744002	0.6451612903225806	0.9032258064516129	0.5806451612903226	0.9032258064516129	0.9032258064516129	75.96103734439832	1.42
seq127	MSHTRRPVLDARTGLYHFIDLNVGSTHWSA-	Q23425_CAEEL/19-49	--PPWKAWWHTEKKRKFYTNDKTKESLWDHP	5.5	37.7227503388053	0.6774193548387096	0.967741935483871	0.6129032258064516	1.0	0.9354838709677419	67.8605785123967	2.11
